   0.0000000000000000        15.000000000000000     
  0.25000000000000000        17.236289957047731     
  0.50000000000000000        19.472579916483713     
  0.75000000000000000        21.708869891272617     
   1.0000000000000000        23.945159873221147     
   1.2500000000000000        26.181449885840387     
   1.5000000000000000        28.417739910328187     
   1.7500000000000000        30.654029980259601     
   2.0000000000000000        32.890320062459928     
   2.2500000000000000        35.126610171299333     
   2.5000000000000000        37.362900062262121     
   2.7500000000000000        39.599188563930376     
   3.0000000000000000        41.835469169499916     
   3.2500000000000000        44.071712071855970     
   3.5000000000000000        46.307795885076956     
   3.7500000000000000        48.543288602465744     
   4.0000000000000000        50.776842879658936     
   4.2500000000000000        53.004788112684508     
   4.5000000000000000        55.218409882231015     
   4.7500000000000000        57.399753273750370     
   5.0000000000000000        59.516903221972868     
   5.2500000000000000        61.521390239813563     
   5.5000000000000000        63.351381315902032     
   5.7500000000000000        64.942864814334897     
   6.0000000000000000        66.246653114808893     
   6.2500000000000000        67.244191590799360     
   6.5000000000000000        67.954034872931388     
   6.7500000000000000        68.425370603767178     
   7.0000000000000000        68.722210405143727     
   7.2500000000000000        68.906387328804215     
   7.5000000000000000        69.026370829628505     
   7.7500000000000000        69.114076031291688     
   8.0000000000000000        69.187457798063022     
   8.2500000000000000        69.255230625574285     
   8.5000000000000000        69.321065049546135     
   8.7500000000000000        69.386308508423525     
   9.0000000000000000        69.451392922817163     
   9.2500000000000000        69.516439790302030     
   9.5000000000000000        69.581478814244704     
   9.7500000000000000        69.646516630449682     
   10.000000000000000        69.711554289133943     
   10.250000000000000        69.776592180900607     
   10.500000000000000        69.841630152969927     
   10.750000000000000        69.906668401396914     
   11.000000000000000        69.971706737267084     
   11.250000000000000        70.036745358727700     
   11.500000000000000        70.101784070311226     
   11.750000000000000        70.166823075659750     
   12.000000000000000        70.231862173581391     
   12.250000000000000        70.296901572846764     
   12.500000000000000        70.361941066948688     
   12.750000000000000        70.426980869366204     
   13.000000000000000        70.492020768692711     
   13.250000000000000        70.557060982685741     
   13.500000000000000        70.622101295465058     
   13.750000000000000        70.687141928628137     
   14.000000000000000        70.752182662255876     
   14.250000000000000        70.817223721339388     
   14.500000000000000        70.882264882363572     
   14.750000000000000        70.947306373258314     
   15.000000000000000        71.012347963577739     
   15.250000000000000        71.077387925946113     
   15.500000000000000        71.142174620483402     
   15.750000000000000        71.198800982947859     
   16.000000000000000        71.189887528285851     
   16.250000000000000        71.049724412731223     
   16.500000000000000        70.844021480691296     
   16.750000000000000        70.630158220700281     
   17.000000000000000        70.416041694800370     
   17.250000000000000        70.201923549184656     
   17.500000000000000        69.987805506192970     
   17.750000000000000        69.773687805403938     
   18.000000000000000        69.559570211025658     
   18.250000000000000        69.345452958507281     
   18.500000000000000        69.131335812185341     
   18.750000000000000        68.917219006690317     
   19.000000000000000        68.703102306963530     
   19.250000000000000        68.488985946344229     
   19.500000000000000        68.274869690852043     
   19.750000000000000        68.060753772064970     
   20.000000000000000        67.846637957552133     
   20.250000000000000        67.632522476664022     
   20.500000000000000        67.418407098987259     
   20.750000000000000        67.204292051182961     
   21.000000000000000        66.990177105319233     
   21.250000000000000        66.776062484911392     
   21.500000000000000        66.561947964968098     
   21.750000000000000        66.347833765408652     
   22.000000000000000        66.133719664635407     
   22.250000000000000        65.919605878528770     
   22.500000000000000        65.705492189331068     
   22.750000000000000        65.491378808448985     
   23.000000000000000        65.277265522403439     
   23.250000000000000        65.063152537701640     
   23.500000000000000        64.849039645572958     
   23.750000000000000        64.634927047209288     
   24.000000000000000        64.420814538968870     
   24.250000000000000        64.206702316323145     
   24.500000000000000        63.992590181169348     
   24.750000000000000        63.778478322864757     
   25.000000000000000        63.564366549244518     
   25.250000000000000        63.350255043170492     
   25.500000000000000        63.136143618802713     
   25.750000000000000        62.922032452139334     
   26.000000000000000        62.707921364039564     
   26.250000000000000        62.493810523283408     
   26.500000000000000        62.279699757789992     
   26.750000000000000        62.065589228781285     
   27.000000000000000        61.851478771582883     
   27.250000000000000        61.637368539534037     
   27.500000000000000        61.423258375698445     
   27.750000000000000        61.209148425223830     
   28.000000000000000        60.995038539228062     
   28.250000000000000        60.780928854374991     
   28.500000000000000        60.566819230136502     
   28.750000000000000        60.352709794417379     
   29.000000000000000        60.138600415326508     
   29.250000000000000        59.924491211751999     
   29.500000000000000        59.710382060705371     
   29.750000000000000        59.496273071818642     
   30.000000000000000        59.282164131253623     
   30.250000000000000        59.068055339165497     
   30.500000000000000        58.853946591095578     
   30.750000000000000        58.639837977520543     
   31.000000000000000        58.425729403571573     
   31.250000000000000        58.211620949864610     
   31.500000000000000        57.997512531311770     
   31.750000000000000        57.783404218505908     
   32.000000000000000        57.569295936311434     
   32.250000000000000        57.355187745155945     
   32.500000000000000        57.141079580007457     
   32.750000000000000        56.926971491006626     
   33.000000000000000        56.712863423356048     
   33.250000000000000        56.498755416808436     
   33.500000000000000        56.284647426911320     
   33.750000000000000        56.070539482949428     
   34.000000000000000        55.856431550904773     
   34.250000000000000        55.642323649535086     
   34.500000000000000        55.428215755325340     
   34.750000000000000        55.214107876468546     
   35.000000000000000        55.000000000000000     


 0.00   15.000000000000000     
  0.25000000000000000        16.386235115171061     
  0.50000000000000000        17.771095401101586     
  0.75000000000000000        19.153209755504875     
   1.0000000000000000        20.531214512821840     
   1.2500000000000000        21.903757119742448     
   1.5000000000000000        23.269499759617396     
   1.7500000000000000        24.627122909222919     
   2.0000000000000000        25.975328811764932     
   2.2500000000000000        27.312844850532393     
   2.5000000000000000        28.638426808229056     
   2.7500000000000000        29.950861997724502     
   3.0000000000000000        31.248972250762854     
   3.2500000000000000        32.531616752046126     
   3.5000000000000000        33.797694707061730     
   3.7500000000000000        35.046147833043499     
   4.0000000000000000        36.275962663535012     
   4.2500000000000000        37.486172658155347     
   4.5000000000000000        38.675860110342228     
   4.7500000000000000        39.844157847056920     
   5.0000000000000000        40.990250715670918     
   5.2500000000000000        42.113376854506967     
   5.5000000000000000        43.212828744767030     
   5.7500000000000000        44.287954042838656     
   6.0000000000000000        45.338156193219476     
   6.2500000000000000        46.362894823528158     
   6.5000000000000000        47.361685924270311     
   6.7500000000000000        48.334101817191325     
   7.0000000000000000        49.279770917166481     
   7.2500000000000000        50.198377293644036     
   7.5000000000000000        51.089660038662828     
   7.7500000000000000        51.953412449404446     
   8.0000000000000000        52.789481034106679     
   8.2500000000000000        53.597764350952680     
   8.5000000000000000        54.378211690256208     
   8.7500000000000000        55.130821610881789     
   9.0000000000000000        55.855640342368631     
   9.2500000000000000        56.552760064664199     
   9.5000000000000000        57.222317077718188     
   9.7500000000000000        57.864489873438075     
   10.000000000000000        58.479497122664682     
   10.250000000000000        59.067595589891319     
   10.500000000000000        59.629077988424314     
   10.750000000000000        60.164270788569766     
   11.000000000000000        60.673531991234142     
   11.250000000000000        61.157248879048289     
   11.500000000000000        61.615835756772292     
   11.750000000000000        62.049731692315355     
   12.000000000000000        62.459398269217758     
   12.250000000000000        62.845317360897511     
   12.500000000000000        63.207988936367549     
   12.750000000000000        63.547928906489126     
   13.000000000000000        63.865667019149058     
   13.250000000000000        64.161744811040407     
   13.500000000000000        64.436713622995711     
   13.750000000000000        64.691132685075019     
   14.000000000000000        64.925567276856384     
   14.250000000000000        65.140586967619456     
   14.500000000000000        65.336763940361081     
   14.750000000000000        65.514671402841174     
   15.000000000000000        65.674882088133515     
   15.250000000000000        65.817966846454922     
   15.500000000000000        65.944493329372648     
   15.750000000000000        66.055024766848291     
   16.000000000000000        66.150118836970236     
   16.250000000000000        66.230326627660162     
   16.500000000000000        66.296191689114394     
   16.750000000000000        66.348249175259852     
   17.000000000000000        66.387025072069548     
   17.250000000000000        66.413035510194504     
   17.500000000000000        66.426786159027429     
   17.750000000000000        66.428771699020473     
   18.000000000000000        66.419475368831399     
   18.250000000000000        66.399368583671944     
   18.500000000000000        66.368910621074420     
   18.750000000000000        66.328548370178268     
   19.000000000000000        66.278716140564072     
   19.250000000000000        66.219835526626042     
   19.500000000000000        66.152315323473175     
   19.750000000000000        66.076551490381064     
   20.000000000000000        65.992927157876665     
   20.250000000000000        65.901812674626456     
   20.500000000000000        65.803565690408675     
   20.750000000000000        65.698531271581274     
   21.000000000000000        65.587042045605017     
   21.250000000000000        65.469418371342968     
   21.500000000000000        65.345968532030440     
   21.750000000000000        65.216988947990444     
   22.000000000000000        65.082764406356375     
   22.250000000000000        64.943568305253450     
   22.500000000000000        64.799662910080599     
   22.750000000000000        64.651299619723872     
   23.000000000000000        64.498719240718941     
   23.250000000000000        64.342152267560820     
   23.500000000000000        64.181819167534741     
   23.750000000000000        64.017930668609978     
   24.000000000000000        63.850688049097251     
   24.250000000000000        63.680283427921822     
   24.500000000000000        63.506900054504428     
   24.750000000000000        63.330712597373456     
   25.000000000000000        63.151887430752488     
   25.250000000000000        62.970582918477724     
   25.500000000000000        62.786949694700340     
   25.750000000000000        62.601130940919475     
   26.000000000000000        62.413262658972478     
   26.250000000000000        62.223473939681455     
   26.500000000000000        62.031887226918357     
   26.750000000000000        61.838618576906832     
   27.000000000000000        61.643777912627051     
   27.250000000000000        61.447469273231519     
   27.500000000000000        61.249791058415603     
   27.750000000000000        61.050836267716491     
   28.000000000000000        60.850692734740143     
   28.250000000000000        60.649443356337329     
   28.500000000000000        60.447166316767749     
   28.750000000000000        60.243935306906678     
   29.000000000000000        60.039819738561462     
   29.250000000000000        59.834884953975944     
   29.500000000000000        59.629192430611091     
   29.750000000000000        59.422799981297956     
   30.000000000000000        59.215761949867762     
   30.250000000000000        59.008129402370663     
   30.500000000000000        58.799950314002729     
   30.750000000000000        58.591269751867273     
   31.000000000000000        58.382130053704735     
   31.250000000000000        58.172571002732454     
   31.500000000000000        57.962629998743807     
   31.750000000000000        57.752342225624410     
   32.000000000000000        57.541740815451163     
   32.250000000000000        57.330857009349245     
   32.500000000000000        57.119720315290209     
   32.750000000000000        56.908358663023769     
   33.000000000000000        56.696798556344277     
   33.250000000000000        56.485065222901895     
   33.500000000000000        56.273182761776525     
   33.750000000000000        56.061174289040743     
   34.000000000000000        55.849062081545149     
   34.250000000000000        55.636867719166830     
   34.500000000000000        55.424612225767149     
   34.750000000000000        55.212316209110476     
 35.00   55.000000000000000     


 0.00   15.000000000000000     
  0.25000000000000000        16.032426312318016     
  0.50000000000000000        17.064221125788002     
  0.75000000000000000        18.094753924165708     
   1.0000000000000000        19.123396153806176     
   1.2500000000000000        20.149522198452608     
   1.5000000000000000        21.172510346239939     
   1.7500000000000000        22.191743746363947     
   2.0000000000000000        23.206611352905796     
   2.2500000000000000        24.216508853350383     
   2.5000000000000000        25.220839579394514     
   2.7500000000000000        26.219015397707533     
   3.0000000000000000        27.210457578381906     
   3.2500000000000000        28.194597638894813     
   3.5000000000000000        29.170878161492706     
   3.7500000000000000        30.138753582009183     
   4.0000000000000000        31.097690948231921     
   4.2500000000000000        32.047170646045998     
   4.5000000000000000        32.986687091698336     
   4.7500000000000000        33.915749388650973     
   5.0000000000000000        34.833881947617989     
   5.2500000000000000        35.740625068512813     
   5.5000000000000000        36.635535483167303     
   5.7500000000000000        37.518186857822229     
   6.0000000000000000        38.388170254528589     
   6.2500000000000000        39.245094550741150     
   6.5000000000000000        40.088586816528107     
   6.7500000000000000        40.918292648963885     
   7.0000000000000000        41.733876463414731     
   7.2500000000000000        42.535021741568656     
   7.5000000000000000        43.321431236201342     
   7.7500000000000000        44.092827132808218     
   8.0000000000000000        44.848951168367975     
   8.2500000000000000        45.589564707635525     
   8.5000000000000000        46.314448777490618     
   8.7500000000000000        47.023404059993183     
   9.0000000000000000        47.716250844915493     
   9.2500000000000000        48.392828942636527     
   9.5000000000000000        49.052997558392434     
   9.7500000000000000        49.696635128980382     
   10.000000000000000        50.323639123110105     
   10.250000000000000        50.933925806687810     
   10.500000000000000        51.527429974400967     
   10.750000000000000        52.104104649048999     
   11.000000000000000        52.663920750135034     
   11.250000000000000        53.206866733295620     
   11.500000000000000        53.732948202200802     
   11.750000000000000        54.242187494604281     
   12.000000000000000        54.734623244263474     
   12.250000000000000        55.210309920482203     
   12.500000000000000        55.669317347053791     
   12.750000000000000        56.111730202400608     
   13.000000000000000        56.537647502716794     
   13.250000000000000        56.947182069924978     
   13.500000000000000        57.340459986254594     
   13.750000000000000        57.717620037239904     
   14.000000000000000        58.078813144920083     
   14.250000000000000        58.424201793001373     
   14.500000000000000        58.753959445713562     
   14.750000000000000        59.068269962059567     
   15.000000000000000        59.367327007118483     
   15.250000000000000        59.651333462018648     
   15.500000000000000        59.920500834149721     
   15.750000000000000        60.175048669130106     
   16.000000000000000        60.415203965990784     
   16.250000000000000        60.641200596976674     
   16.500000000000000        60.853278733304769     
   16.750000000000000        61.051684278153076     
   17.000000000000000        61.236668308087125     
   17.250000000000000        61.408486524061857     
   17.500000000000000        61.567398713065806     
   17.750000000000000        61.713668221402898     
   18.000000000000000        61.847561440534378     
   18.250000000000000        61.969347306330405     
   18.500000000000000        62.079296812507756     
   18.750000000000000        62.177682538956986     
   19.000000000000000        62.264778195590033     
   19.250000000000000        62.340858182267432     
   19.500000000000000        62.406197165294046     
   19.750000000000000        62.461069670902674     
   20.000000000000000        62.505749696077444     
   20.250000000000000        62.540510337002878     
   20.500000000000000        62.565623435361033     
   20.750000000000000        62.581359242636992     
   21.000000000000000        62.587986102534046     
   21.250000000000000        62.585770151543031     
   21.500000000000000        62.574975037656003     
   21.750000000000000        62.555861657163177     
   22.000000000000000        62.528687909423411     
   22.250000000000000        62.493708469452628     
   22.500000000000000        62.451174578132211     
   22.750000000000000        62.401333849799130     
   23.000000000000000        62.344430096943228     
   23.250000000000000        62.280703171702989     
   23.500000000000000        62.210388823820722     
   23.750000000000000        62.133718574689766     
   24.000000000000000        62.050919607101953     
   24.250000000000000        61.962214670281192     
   24.500000000000000        61.867821999770086     
   24.750000000000000        61.767955251719947     
   25.000000000000000        61.662823451120616     
   25.250000000000000        61.552630953495573     
   25.500000000000000        61.437577419578808     
   25.750000000000000        61.317857802483509     
   26.000000000000000        61.193662346868521     
   26.250000000000000        61.065176599606460     
   26.500000000000000        60.932581431457173     
   26.750000000000000        60.796053069252210     
   27.000000000000000        60.655763138099466     
   27.250000000000000        60.511878713122293     
   27.500000000000000        60.364562380254078     
   27.750000000000000        60.213972305617304     
   28.000000000000000        60.060262313025461     
   28.250000000000000        59.903581969156278     
   28.500000000000000        59.744076675956357     
   28.750000000000000        59.581887769849281     
   29.000000000000000        59.417152627332200     
   29.250000000000000        59.250004776559422     
   29.500000000000000        59.080574014525588     
   29.750000000000000        58.908986529475150     
   30.000000000000000        58.735365028179658     
   30.250000000000000        58.559828867739370     
   30.500000000000000        58.382494191579958     
   30.750000000000000        58.203474069330454     
   31.000000000000000        58.022878640283025     
   31.250000000000000        57.840815260149611     
   31.500000000000000        57.657388650844652     
   31.750000000000000        57.472701053037113     
   32.000000000000000        57.286852381227902     
   32.250000000000000        57.099940381122252     
   32.500000000000000        56.912060789078197     
   32.750000000000000        56.723307493424571     
   33.000000000000000        56.533772697452164     
   33.250000000000000        56.343547083892702     
   33.500000000000000        56.152719980708710     
   33.750000000000000        55.961379528026875     
   34.000000000000000        55.769612846054542     
   34.250000000000000        55.577506203826097     
   34.500000000000000        55.385145188631753     
   34.750000000000000        55.192614875986429     
 35.00   55.000000000000000     


 0.00   15.000000000000000     
  0.25000000000000000        15.844301767349421     
  0.50000000000000000        16.688220195055813     
  0.75000000000000000        17.531372365085918     
   1.0000000000000000        18.373376201845080     
   1.2500000000000000        19.213850891446306     
   1.5000000000000000        20.052417298644794     
   1.7500000000000000        20.888698380669311     
   2.0000000000000000        21.722319597190044     
   2.2500000000000000        22.552909315672654     
   2.5000000000000000        23.380099211380404     
   2.7500000000000000        24.203524661300300     
   3.0000000000000000        25.022825131285035     
   3.2500000000000000        25.837644555720271     
   3.5000000000000000        26.647631709046372     
   3.7500000000000000        27.452440568484665     
   4.0000000000000000        28.251730667341228     
   4.2500000000000000        29.045167438285539     
   4.5000000000000000        29.832422546027043     
   4.7500000000000000        30.613174208839897     
   5.0000000000000000        31.387107508414580     
   5.2500000000000000        32.153914687544649     
   5.5000000000000000        32.913295435187827     
   5.7500000000000000        33.664957158472141     
   6.0000000000000000        34.408615241250473     
   6.2500000000000000        35.143993288840512     
   6.5000000000000000        35.870823358620882     
   6.7500000000000000        36.588846176189101     
   7.0000000000000000        37.297811336822058     
   7.2500000000000000        37.997477492015250     
   7.5000000000000000        38.687612520912595     
   7.7500000000000000        39.367993686474719     
   8.0000000000000000        40.038407776269352     
   8.2500000000000000        40.698651227803254     
   8.5000000000000000        41.348530238350875     
   8.7500000000000000        41.987860859270164     
   9.0000000000000000        42.616469074830803     
   9.2500000000000000        43.234190865614842     
   9.5000000000000000        43.840872256583303     
   9.7500000000000000        44.436369349935738     
   10.000000000000000        45.020548342921870     
   10.250000000000000        45.593285530796294     
   10.500000000000000        46.154467295137636     
   10.750000000000000        46.703990077783160     
   11.000000000000000        47.241760340658594     
   11.250000000000000        47.767694511809879     
   11.500000000000000        48.281718917970181     
   11.750000000000000        48.783769704019967     
   12.000000000000000        49.273792739721813     
   12.250000000000000        49.751743514133615     
   12.500000000000000        50.217587018124711     
   12.750000000000000        50.671297615438746     
   13.000000000000000        51.112858902765005     
   13.250000000000000        51.542263559296103     
   13.500000000000000        51.959513186265085     
   13.750000000000000        52.364618136967962     
   14.000000000000000        52.757597337789477     
   14.250000000000000        53.138478100760409     
   14.500000000000000        53.507295928183062     
   14.750000000000000        53.864094309868754     
   15.000000000000000        54.208924513536843     
   15.250000000000000        54.541845368929003     
   15.500000000000000        54.862923046194616     
   15.750000000000000        55.172230829104954     
   16.000000000000000        55.469848883653029     
   16.250000000000000        55.755864022594530     
   16.500000000000000        56.030369466482369     
   16.750000000000000        56.293464601742663     
   17.000000000000000        56.545254736334869     
   17.250000000000000        56.785850853531606     
   17.500000000000000        57.015369364345666     
   17.750000000000000        57.233931859123160     
   18.000000000000000        57.441664858810839     
   18.250000000000000        57.638699566395040     
   18.500000000000000        57.825171618997409     
   18.750000000000000        58.001220841099425     
   19.000000000000000        58.166990999354333     
   19.250000000000000        58.322629559430005     
   19.500000000000000        58.468287445311539     
   19.750000000000000        58.604118801476076     
   20.000000000000000        58.730280758336072     
   20.250000000000000        58.846933201330295     
   20.500000000000000        58.954238544024371     
   20.750000000000000        59.052361505564868     
   21.000000000000000        59.141468892812739     
   21.250000000000000        59.221729387463945     
   21.500000000000000        59.293313338445863     
   21.750000000000000        59.356392559859991     
   22.000000000000000        59.411140134722260     
   22.250000000000000        59.457730224733439     
   22.500000000000000        59.496337886293482     
   22.750000000000000        59.527138892954703     
   23.000000000000000        59.550309564490078     
   23.250000000000000        59.566026602734389     
   23.500000000000000        59.574466934337678     
   23.750000000000000        59.575807560552462     
   24.000000000000000        59.570225414158095     
   24.250000000000000        59.557897223608506     
   24.500000000000000        59.538999384472127     
   24.750000000000000        59.513707838216206     
   25.000000000000000        59.482197958371117     
   25.250000000000000        59.444644444094564     
   25.500000000000000        59.401221221139807     
   25.750000000000000        59.352101350217140     
   26.000000000000000        59.297456942723173     
   26.250000000000000        59.237459083798299     
   26.500000000000000        59.172277762659405     
   26.750000000000000        59.102081810141399     
   27.000000000000000        59.027038843368814     
   27.250000000000000        58.947315217466681     
   27.500000000000000        58.863075984208216     
   27.750000000000000        58.774484857485888     
   28.000000000000000        58.681704185481941     
   28.250000000000000        58.584894929404527     
   28.500000000000000        58.484216648646026     
   28.750000000000000        58.379827492211199     
   29.000000000000000        58.271884196254383     
   29.250000000000000        58.160542087556834     
   29.500000000000000        58.045955092768033     
   29.750000000000000        57.928275753227233     
   30.000000000000000        57.807655245175631     
   30.250000000000000        57.684243405162604     
   30.500000000000000        57.558188760444203     
   30.750000000000000        57.429638564166481     
   31.000000000000000        57.298738835121469     
   31.250000000000000        57.165634401858689     
   31.500000000000000        57.030468950931208     
   31.750000000000000        56.893385079051043     
   32.000000000000000        56.754524348925315     
   32.250000000000000        56.614027348541264     
   32.500000000000000        56.472033753665045     
   32.750000000000000        56.328682393316996     
   33.000000000000000        56.184111317982968     
   33.250000000000000        56.038457870319924     
   33.500000000000000        55.891858758111269     
   33.750000000000000        55.744450129226287     
   34.000000000000000        55.596367648336241     
   34.250000000000000        55.447746575138524     
   34.500000000000000        55.298721843839147     
   34.750000000000000        55.149428143642915     
 35.00   55.000000000000000     


 0.00   15.000000000000000     
  0.25000000000000000        15.722312817211263     
  0.50000000000000000        16.444361239346300     
  0.75000000000000000        17.165881098089219     
   1.0000000000000000        17.886608678324230     
   1.2500000000000000        18.606280943934820     
   1.5000000000000000        19.324635762643847     
   1.7500000000000000        20.041412129577790     
   2.0000000000000000        20.756350389241160     
   2.2500000000000000        21.469192455590377     
   2.5000000000000000        22.179682029900107     
   2.7500000000000000        22.887564816119863     
   3.0000000000000000        23.592588733423540     
   3.2500000000000000        24.294504125660470     
   3.5000000000000000        24.993063967422795     
   3.7500000000000000        25.688024066450922     
   4.0000000000000000        26.379143262106098     
   4.2500000000000000        27.066183619647362     
   4.5000000000000000        27.748910620058346     
   4.7500000000000000        28.427093345178548     
   5.0000000000000000        29.100504657902967     
   5.2500000000000000        29.768921377224050     
   5.5000000000000000        30.432124447900012     
   5.7500000000000000        31.089899104544354     
   6.0000000000000000        31.742035029942436     
   6.2500000000000000        32.388326507412344     
   6.5000000000000000        33.028572567038950     
   6.7500000000000000        33.662577125622086     
   7.0000000000000000        34.290149120191835     
   7.2500000000000000        34.911102634956620     
   7.5000000000000000        35.525257021562112     
   7.7500000000000000        36.132437012551954     
   8.0000000000000000        36.732472827934188     
   8.2500000000000000        37.325200274770161     
   8.5000000000000000        37.910460839715938     
   8.7500000000000000        38.488101774459217     
   9.0000000000000000        39.057976174007862     
   9.2500000000000000        39.619943047799467     
   9.5000000000000000        40.173867383614024     
   9.7500000000000000        40.719620204285121     
   10.000000000000000        41.257078617217701     
   10.250000000000000        41.786125856732973     
   10.500000000000000        42.306651319274089     
   10.750000000000000        42.818550591517933     
   11.000000000000000        43.321725471450947     
   11.250000000000000        43.816083982478325     
   11.500000000000000        44.301540380648063     
   11.750000000000000        44.778015155081988     
   12.000000000000000        45.245435021717391     
   12.250000000000000        45.703732910473192     
   12.500000000000000        46.152847945964915     
   12.750000000000000        46.592725421902749     
   13.000000000000000        47.023316769316168     
   13.250000000000000        47.444579518758005     
   13.500000000000000        47.856477256649207     
   13.750000000000000        48.258979575933900     
   14.000000000000000        48.652062021221980     
   14.250000000000000        49.035706028603698     
   14.500000000000000        49.409898860327864     
   14.750000000000000        49.774633534540811     
   15.000000000000000        50.129908750290021     
   15.250000000000000        50.475728808000788     
   15.500000000000000        50.812103525639579     
   15.750000000000000        51.139048150781825     
   16.000000000000000        51.456583268805758     
   16.250000000000000        51.764734707437022     
   16.500000000000000        52.063533437871698     
   16.750000000000000        52.353015472707391     
   17.000000000000000        52.633221760914054     
   17.250000000000000        52.904198080077101     
   17.500000000000000        53.165994926146325     
   17.750000000000000        53.418667400924292     
   18.000000000000000        53.662275097527491     
   18.250000000000000        53.896881984052975     
   18.500000000000000        54.122556285681981     
   18.750000000000000        54.339370365450080     
   19.000000000000000        54.547400603911719     
   19.250000000000000        54.746727277924109     
   19.500000000000000        54.937434438772677     
   19.750000000000000        55.119609789856653     
   20.000000000000000        55.293344564149962     
   20.250000000000000        55.458733401647947     
   20.500000000000000        55.615874227006373     
   20.750000000000000        55.764868127573934     
   21.000000000000000        55.905819232014629     
   21.250000000000000        56.038834589710433     
   21.500000000000000        56.164024051129104     
   21.750000000000000        56.281500149336033     
   22.000000000000000        56.391377982822092     
   22.250000000000000        56.493775099813554     
   22.500000000000000        56.588811384222616     
   22.750000000000000        56.676608943390491     
   23.000000000000000        56.757291997767574     
   23.250000000000000        56.830986772667693     
   23.500000000000000        56.897821392226000     
   23.750000000000000        56.957925775682241     
   24.000000000000000        57.011431536103416     
   24.250000000000000        57.058471881651613     
   24.500000000000000        57.099181519495097     
   24.750000000000000        57.133696562452457     
   25.000000000000000        57.162154438451353     
   25.250000000000000        57.184693802875380     
   25.500000000000000        57.201454453864272     
   25.750000000000000        57.212577250624442     
   26.000000000000000        57.218204034798696     
   26.250000000000000        57.218477554935568     
   26.500000000000000        57.213541394091017     
   26.750000000000000        57.203539900586556     
   27.000000000000000        57.188618121940436     
   27.250000000000000        57.168921741980213     
   27.500000000000000        57.144597021137173     
   27.750000000000000        57.115790739915681     
   28.000000000000000        57.082650145522649     
   28.250000000000000        57.045322901634854     
   28.500000000000000        57.003957041274617     
   28.750000000000000        56.958700922757039     
   29.000000000000000        56.909703188665297     
   29.250000000000000        56.857112727803120     
   29.500000000000000        56.801078640067438     
   29.750000000000000        56.741750204177478     
   30.000000000000000        56.679276848190341     
   30.250000000000000        56.613808122727079     
   30.500000000000000        56.545493676827405     
   30.750000000000000        56.474483236345662     
   31.000000000000000        56.400926584795151     
   31.250000000000000        56.324973546542864     
   31.500000000000000        56.246773972251631     
   31.750000000000000        56.166477726462297     
   32.000000000000000        56.084234677203781     
   32.250000000000000        56.000194687514920     
   32.500000000000000        55.914507608758093     
   32.750000000000000        55.827323275600975     
   33.000000000000000        55.738791502539208     
   33.250000000000000        55.649062081830024     
   33.500000000000000        55.558284782703808     
   33.750000000000000        55.466609351717992     
   34.000000000000000        55.374185514115496     
   34.250000000000000        55.281162976048037     
   34.500000000000000        55.187691427522623     
   34.750000000000000        55.093920545928441     
 35.00   55.000000000000000     


 0.00   15.000000000000000     
  0.25000000000000000        15.634986504820812     
  0.50000000000000000        16.269777014442425     
  0.75000000000000000        16.904175673566108     
   1.0000000000000000        17.537986906537522     
   1.2500000000000000        18.171015556777871     
   1.5000000000000000        18.803067025746579     
   1.7500000000000000        19.433947411280457     
   2.0000000000000000        20.063463645155633     
   2.2500000000000000        20.691423629719541     
   2.5000000000000000        21.317636373442156     
   2.7500000000000000        21.941912125237184     
   3.0000000000000000        22.564062507406241     
   3.2500000000000000        23.183900647061257     
   3.5000000000000000        23.801241305882943     
   3.7500000000000000        24.415901008075942     
   4.0000000000000000        25.027698166384376     
   4.2500000000000000        25.636453206034687     
   4.5000000000000000        26.241988686476159     
   4.7500000000000000        26.844129420793209     
   5.0000000000000000        27.442702592667466     
   5.2500000000000000        28.037537870771569     
   5.5000000000000000        28.628467520481031     
   5.7500000000000000        29.215326512794896     
   6.0000000000000000        29.797952630360477     
   6.2500000000000000        30.376186570502277     
   6.5000000000000000        30.949872045159989     
   6.7500000000000000        31.518855877645684     
   7.0000000000000000        32.082988096135246     
   7.2500000000000000        32.642122023814544     
   7.5000000000000000        33.196114365606121     
   7.7500000000000000        33.744825291407686     
   8.0000000000000000        34.288118515779239     
   8.2500000000000000        34.825861374021265     
   8.5000000000000000        35.357924894592095     
   8.7500000000000000        35.884183867818358     
   9.0000000000000000        36.404516910858000     
   9.2500000000000000        36.918806528881440     
   9.5000000000000000        37.426939172441834     
   9.7500000000000000        37.928805291011642     
   10.000000000000000        38.424299382668082     
   10.250000000000000        38.913320039916158     
   10.500000000000000        39.395769991643427     
   10.750000000000000        39.871556141206426     
   11.000000000000000        40.340589600654518     
   11.250000000000000        40.802785721102133     
   11.500000000000000        41.258064119266066     
   11.750000000000000        41.706348700190006     
   12.000000000000000        42.147567676183492     
   12.250000000000000        42.581653582007945     
   12.500000000000000        43.008543286347461     
   12.750000000000000        43.428177999606788     
   13.000000000000000        43.840503278084228     
   13.250000000000000        44.245469024571264     
   13.500000000000000        44.643029485435832     
   13.750000000000000        45.033143244250198     
   14.000000000000000        45.415773212028668     
   14.250000000000000        45.790886614144540     
   14.500000000000000        46.158454973999469     
   14.750000000000000        46.518454093522088     
   15.000000000000000        46.870864030576293     
   15.250000000000000        47.215669073362903     
   15.500000000000000        47.552857711901524     
   15.750000000000000        47.882422606682155     
   16.000000000000000        48.204360554579225     
   16.250000000000000        48.518672452122686     
   16.500000000000000        48.825363256223504     
   16.750000000000000        49.124441942452748     
   17.000000000000000        49.415921460975412     
   17.250000000000000        49.699818690241585     
   17.500000000000000        49.976154388539250     
   17.750000000000000        50.244953143513989     
   18.000000000000000        50.506243319761893     
   18.250000000000000        50.760057004602821     
   18.500000000000000        51.006429952141552     
   18.750000000000000        51.245401525724894     
   19.000000000000000        51.477014638902688     
   19.250000000000000        51.701315695000780     
   19.500000000000000        51.918354525413640     
   19.750000000000000        52.128184326723655     
   20.000000000000000        52.330861596753735     
   20.250000000000000        52.526446069658562     
   20.500000000000000        52.715000650159169     
   20.750000000000000        52.896591347023673     
   21.000000000000000        53.071287205896141     
   21.250000000000000        53.239160241573401     
   21.500000000000000        53.400285369827941     
   21.750000000000000        53.554740338873309     
   22.000000000000000        53.702605660565716     
   22.250000000000000        53.843964541433749     
   22.500000000000000        53.978902813625396     
   22.750000000000000        54.107508865858904     
   23.000000000000000        54.229873574461486     
   23.250000000000000        54.346090234576785     
   23.500000000000000        54.456254491619134     
   23.750000000000000        54.560464273049490     
   24.000000000000000        54.658819720544997     
   24.250000000000000        54.751423122630023     
   24.500000000000000        54.838378847834306     
   24.750000000000000        54.919793278439272     
   25.000000000000000        54.995774744870651     
   25.250000000000000        55.066433460791764     
   25.500000000000000        55.131881458948143     
   25.750000000000000        55.192232527810361     
   26.000000000000000        55.247602149058338     
   26.250000000000000        55.298107435946463     
   26.500000000000000        55.343867072585169     
   26.750000000000000        55.385001254170618     
   27.000000000000000        55.421631628190411     
   27.250000000000000        55.453881236629428     
   27.500000000000000        55.481874459195879     
   27.750000000000000        55.505736957584148     
   28.000000000000000        55.525595620786817     
   28.250000000000000        55.541578511464934     
   28.500000000000000        55.553814813381393     
   28.750000000000000        55.562434779899121     
   29.000000000000000        55.567569683541599     
   29.250000000000000        55.569351766610325     
   29.500000000000000        55.567914192849685     
   29.750000000000000        55.563391000146694     
   30.000000000000000        55.555917054249662     
   30.250000000000000        55.545628003486485     
   30.500000000000000        55.532660234460209     
   30.750000000000000        55.517150828696451     
   31.000000000000000        55.499237520214251     
   31.250000000000000        55.479058653989156     
   31.500000000000000        55.456753145274682     
   31.750000000000000        55.432460439745455     
   32.000000000000000        55.406320474423325     
   32.250000000000000        55.378473639344769     
   32.500000000000000        55.349060739926436     
   32.750000000000000        55.318222959982876     
   33.000000000000000        55.286101825349299     
   33.250000000000000        55.252839168059936     
   33.500000000000000        55.218577091030951     
   33.750000000000000        55.183457933195967     
   34.000000000000000        55.147624235040169     
   34.250000000000000        55.111218704478290     
   34.500000000000000        55.074384183020832     
   34.750000000000000        55.037263612171706     
 35.00   55.000000000000000     


 0.00   15.000000000000000     
  0.25000000000000000        15.568775549435006     
  0.50000000000000000        16.137399355577436     
  0.75000000000000000        16.705719770215865     
   1.0000000000000000        17.273585335215113     
   1.2500000000000000        17.840844877339450     
   1.5000000000000000        18.407347602818220     
   1.7500000000000000        18.972943191568586     
   2.0000000000000000        19.537481890990588     
   2.2500000000000000        20.100814609250381     
   2.5000000000000000        20.662793007968101     
   2.7500000000000000        21.223269594227808     
   3.0000000000000000        21.782097811827835     
   3.2500000000000000        22.339132131690913     
   3.5000000000000000        22.894228141354752     
   3.7500000000000000        23.447242633464903     
   4.0000000000000000        23.998033693193303     
   4.2500000000000000        24.546460784507175     
   4.5000000000000000        25.092384835214919     
   4.7500000000000000        25.635668320716920     
   5.0000000000000000        26.176175346391403     
   5.2500000000000000        26.713771728547105     
   5.5000000000000000        27.248325073876558     
   5.7500000000000000        27.779704857346005     
   6.0000000000000000        28.307782498459954     
   6.2500000000000000        28.832431435840686     
   6.5000000000000000        29.353527200065304     
   6.7500000000000000        29.870947484705365     
   7.0000000000000000        30.384572215516471     
   7.2500000000000000        30.894283617727766     
   7.5000000000000000        31.399966281383804     
   7.7500000000000000        31.901507224693894     
   8.0000000000000000        32.398795955346628     
   8.2500000000000000        32.891724529750107     
   8.5000000000000000        33.380187610160917     
   8.7500000000000000        33.864082519667868     
   9.0000000000000000        34.343309294999166     
   9.2500000000000000        34.817770737124548     
   9.5000000000000000        35.287372459626766     
   9.7500000000000000        35.752022934819550     
   10.000000000000000        36.211633537592149     
   10.250000000000000        36.666118586963272     
   10.500000000000000        37.115395385330167     
   10.750000000000000        37.559384255401426     
   11.000000000000000        37.998008574804899     
   11.250000000000000        38.431194808364793     
   11.500000000000000        38.858872538045077     
   11.750000000000000        39.280974490558833     
   12.000000000000000        39.697436562645940     
   12.250000000000000        40.108197844024289     
   12.500000000000000        40.513200638022298     
   12.750000000000000        40.912390479903038     
   13.000000000000000        41.305716152892927     
   13.250000000000000        41.693129701930360     
   13.500000000000000        42.074586445152171     
   13.750000000000000        42.450044983138149     
   14.000000000000000        42.819467205936085     
   14.250000000000000        43.182818297892190     
   14.500000000000000        43.540066740313790     
   14.750000000000000        43.891184311993392     
   15.000000000000000        44.236146087625180     
   15.250000000000000        44.574930434146921     
   15.500000000000000        44.907519005042111     
   15.750000000000000        45.233896732639131     
   16.000000000000000        45.554051818445537     
   16.250000000000000        45.867975721557528     
   16.500000000000000        46.175663145185943     
   16.750000000000000        46.477112021341597     
   17.000000000000000        46.772323493724073     
   17.250000000000000        47.061301898859305     
   17.500000000000000        47.344054745532389     
   17.750000000000000        47.620592692563186     
   18.000000000000000        47.890929524972869     
   18.250000000000000        48.155082128590948     
   18.500000000000000        48.413070463152408     
   18.750000000000000        48.664917533935665     
   19.000000000000000        48.910649361992377     
   19.250000000000000        49.150294953020563     
   19.500000000000000        49.383886264932890     
   19.750000000000000        49.611458174172114     
   20.000000000000000        49.833048440825912     
   20.250000000000000        50.048697672593171     
   20.500000000000000        50.258449287654017     
   20.750000000000000        50.462349476495376     
   21.000000000000000        50.660447162743992     
   21.250000000000000        50.852793963058119     
   21.500000000000000        51.039444146128886     
   21.750000000000000        51.220454590841861     
   22.000000000000000        51.395884743648494     
   22.250000000000000        51.565796575196771     
   22.500000000000000        51.730254536269456     
   22.750000000000000        51.889325513077338     
   23.000000000000000        52.043078781954478     
   23.250000000000000        52.191585963500785     
   23.500000000000000        52.334920976216949     
   23.750000000000000        52.473159989674940     
   24.000000000000000        52.606381377266821     
   24.250000000000000        52.734665668572681     
   24.500000000000000        52.858095501387915     
   24.750000000000000        52.976755573448173     
   25.000000000000000        53.090732593889378     
   25.250000000000000        53.200115234478382     
   25.500000000000000        53.304994080648875     
   25.750000000000000        53.405461582375125     
   26.000000000000000        53.501612004915060     
   26.250000000000000        53.593541379452390     
   26.500000000000000        53.681347453666135     
   26.750000000000000        53.765129642253953     
   27.000000000000000        53.844988977434596     
   27.250000000000000        53.921028059452631     
   27.500000000000000        53.993351007107478     
   27.750000000000000        54.062063408326836     
   28.000000000000000        54.127272270803061     
   28.250000000000000        54.189085972709442     
   28.500000000000000        54.247614213511724     
   28.750000000000000        54.302967964888680     
   29.000000000000000        54.355259421773837     
   29.250000000000000        54.404601953528868     
   29.500000000000000        54.451110055257956     
   29.750000000000000        54.494899299270401     
   30.000000000000000        54.536086286697888     
   30.250000000000000        54.574788599270633     
   30.500000000000000        54.611124751256028     
   30.750000000000000        54.645214141561397     
   31.000000000000000        54.677177006001486     
   31.250000000000000        54.707134369729999     
   31.500000000000000        54.735207999832994     
   31.750000000000000        54.761520358081341     
   32.000000000000000        54.786194553837682     
   32.250000000000000        54.809354297112620     
   32.500000000000000        54.831123851763991     
   32.750000000000000        54.851627988831673     
   33.000000000000000        54.870991940000074     
   33.250000000000000        54.889341351179034     
   33.500000000000000        54.906802236193670     
   33.750000000000000        54.923500930572750     
   34.000000000000000        54.939564045424461     
   34.250000000000000        54.955118421388327     
   34.500000000000000        54.970291082651009     
   34.750000000000000        54.985209191013958     
 35.00   55.000000000000000     


 0.00   15.000000000000000     
  0.25000000000000000        15.516806445699276     
  0.50000000000000000        16.033492290024952     
  0.75000000000000000        16.549937000888605     
   1.0000000000000000        17.066020184719982     
   1.2500000000000000        17.581621655595562     
   1.5000000000000000        18.096621504210763     
   1.7500000000000000        18.610900166643876     
   2.0000000000000000        19.124338492860112     
   2.2500000000000000        19.636817814904525     
   2.5000000000000000        20.148220014732814     
   2.7500000000000000        20.658427591629557     
   3.0000000000000000        21.167323729163812     
   3.2500000000000000        21.674792361632594     
   3.5000000000000000        22.180718239943470     
   3.7500000000000000        22.684986996887819     
   4.0000000000000000        23.187485211757487     
   4.2500000000000000        23.688100474257912     
   4.5000000000000000        24.186721447671861     
   4.7500000000000000        24.683237931228724     
   5.0000000000000000        25.177540921635142     
   5.2500000000000000        25.669522673723876     
   5.5000000000000000        26.159076760178664     
   5.7500000000000000        26.646098130294007     
   6.0000000000000000        27.130483167729835     
   6.2500000000000000        27.612129747222152     
   6.5000000000000000        28.090937290212072     
   6.7500000000000000        28.566806819356579     
   7.0000000000000000        29.039641011885990     
   7.2500000000000000        29.509344251774042     
   7.5000000000000000        29.975822680687997     
   7.7500000000000000        30.438984247687564     
   8.0000000000000000        30.898738757642644     
   8.2500000000000000        31.354997918341450     
   8.5000000000000000        31.807675386261888     
   8.7500000000000000        32.256686810980582     
   9.0000000000000000        32.701949878195350     
   9.2500000000000000        33.143384351338369     
   9.5000000000000000        33.580912111758927     
   9.7500000000000000        34.014457197455911     
   10.000000000000000        34.443945840341897     
   10.250000000000000        34.869306502022098     
   10.500000000000000        35.290469908073007     
   10.750000000000000        35.707369080807084     
   11.000000000000000        36.119939370511247     
   11.250000000000000        36.528118485148724     
   11.500000000000000        36.931846518514902     
   11.750000000000000        37.331065976839760     
   12.000000000000000        37.725721803830638     
   12.250000000000000        38.115761404150746     
   12.500000000000000        38.501134665330177     
   12.750000000000000        38.881793978107844     
   13.000000000000000        39.257694255203788     
   13.250000000000000        39.628792948523255     
   13.500000000000000        39.995050064794782     
   13.750000000000000        40.356428179646407     
   14.000000000000000        40.712892450124976     
   14.250000000000000        41.064410625665275     
   14.500000000000000        41.410953057516615     
   14.750000000000000        41.752492706636041     
   15.000000000000000        42.089005150058384     
   15.250000000000000        42.420468585754605     
   15.500000000000000        42.746863835991050     
   15.750000000000000        43.068174349203332     
   16.000000000000000        43.384386200399604     
   16.250000000000000        43.695488090109073     
   16.500000000000000        44.001471341892561     
   16.750000000000000        44.302329898432816     
   17.000000000000000        44.598060316223361     
   17.250000000000000        44.888661758875372     
   17.500000000000000        45.174135989062847     
   17.750000000000000        45.454487359127398     
   18.000000000000000        45.729722800364435     
   18.250000000000000        45.999851811013230     
   18.500000000000000        46.264886442974181     
   18.750000000000000        46.524841287277127     
   19.000000000000000        46.779733458324770     
   19.250000000000000        47.029582576936434     
   19.500000000000000        47.274410752217157     
   19.750000000000000        47.514242562278042     
   20.000000000000000        47.749105033833743     
   20.250000000000000        47.979027620703633     
   20.500000000000000        48.204042181243288     
   20.750000000000000        48.424182954733162     
   21.000000000000000        48.639486536751413     
   21.250000000000000        48.849991853558322     
   21.500000000000000        49.055740135519436     
   21.750000000000000        49.256774889594780     
   22.000000000000000        49.453141870921684     
   22.250000000000000        49.644889053518312     
   22.500000000000000        49.832066600135391     
   22.750000000000000        50.014726831283134     
   23.000000000000000        50.192924193460485     
   23.250000000000000        50.366715226613415     
   23.500000000000000        50.536158530848994     
   23.750000000000000        50.701314732431491     
   24.000000000000000        50.862246449086761     
   24.250000000000000        51.019018254640436     
   24.500000000000000        51.171696643015551     
   24.750000000000000        51.320349991614620     
   25.000000000000000        51.465048524110763     
   25.250000000000000        51.605864272672136     
   25.500000000000000        51.742871039643575     
   25.750000000000000        51.876144358708622     
   26.000000000000000        52.005761455554911     
   26.250000000000000        52.131801208065170     
   26.500000000000000        52.254344106055648     
   26.750000000000000        52.373472210583493     
   27.000000000000000        52.489269112843452     
   27.250000000000000        52.601819892674428     
   27.500000000000000        52.711211076695356     
   27.750000000000000        52.817530596089398     
   28.000000000000000        52.920867744055172     
   28.250000000000000        53.021313132942716     
   28.500000000000000        53.118958651091511     
   28.750000000000000        53.213897419387443     
   29.000000000000000        53.306223747554739     
   29.250000000000000        53.396033090198486     
   29.500000000000000        53.483422002612798     
   29.750000000000000        53.568488096368938     
   30.000000000000000        53.651329994697527     
   30.250000000000000        53.732047287677908     
   30.500000000000000        53.810740487247664     
   30.750000000000000        53.887510982044503     
   31.000000000000000        53.962460992092318     
   31.250000000000000        54.035693523342673     
   31.500000000000000        54.107312322082635     
   31.750000000000000        54.177421829219135     
   32.000000000000000        54.246127134449992     
   32.250000000000000        54.313533930330962     
   32.500000000000000        54.379748466247989     
   32.750000000000000        54.444877502303484     
   33.000000000000000        54.509028263124890     
   33.250000000000000        54.572308391603791     
   33.500000000000000        54.634825902573219     
   33.750000000000000        54.696689136430848     
   34.000000000000000        54.758006712715265     
   34.250000000000000        54.818887483642456     
   34.500000000000000        54.879440487609337     
   34.750000000000000        54.939774902671267     
 35.00   55.000000000000000     


 0.00   15.000000000000000     
  0.25000000000000000        15.475164300315594     
  0.50000000000000000        15.950231252204190     
  0.75000000000000000        16.425103560196735     
   1.0000000000000000        16.899684034705416     
   1.2500000000000000        17.373875644877771     
   1.5000000000000000        17.847581571347092     
   1.7500000000000000        18.320705258844704     
   2.0000000000000000        18.793150468639780     
   2.2500000000000000        19.264821330772659     
   2.5000000000000000        19.735622396047710     
   2.7500000000000000        20.205458687752060     
   3.0000000000000000        20.674235753066728     
   3.2500000000000000        21.141859714137148     
   3.5000000000000000        21.608237318770136     
   3.7500000000000000        22.073275990725023     
   4.0000000000000000        22.536883879566709     
   4.2500000000000000        22.998969910049208     
   4.5000000000000000        23.459443830998332     
   4.7500000000000000        23.918216263662920     
   5.0000000000000000        24.375198749504296     
   5.2500000000000000        24.830303797394404     
   5.5000000000000000        25.283444930193369     
   5.7500000000000000        25.734536730678052     
   6.0000000000000000        26.183494886793600     
   6.2500000000000000        26.630236236200719     
   6.5000000000000000        27.074678810092024     
   6.7500000000000000        27.516741876251434     
   7.0000000000000000        27.956345981331474     
   7.2500000000000000        28.393412992323771     
   7.5000000000000000        28.827866137198978     
   7.7500000000000000        29.259630044693104     
   8.0000000000000000        29.688630783217860     
   8.2500000000000000        30.114795898873560     
   8.5000000000000000        30.538054452543896     
   8.7500000000000000        30.958337056052542     
   9.0000000000000000        31.375575907362709     
   9.2500000000000000        31.789704824801216     
   9.5000000000000000        32.200659280289862     
   9.7500000000000000        32.608376431567443     
   10.000000000000000        33.012795153386769     
   10.250000000000000        33.413856067671958     
   10.500000000000000        33.811501572622021     
   10.750000000000000        34.205675870747619     
   11.000000000000000        34.596324995829100     
   11.250000000000000        34.983396838784202     
   11.500000000000000        35.366841172435336     
   11.750000000000000        35.746609675166795     
   12.000000000000000        36.122655953463337     
   12.250000000000000        36.494935563322407     
   12.500000000000000        36.863406030533156     
   12.750000000000000        37.228026869816340     
   13.000000000000000        37.588759602819898     
   13.250000000000000        37.945567774966044     
   13.500000000000000        38.298416971146580     
   13.750000000000000        38.647274830263690     
   14.000000000000000        38.992111058614746     
   14.250000000000000        39.332897442120114     
   14.500000000000000        39.669607857393956     
   14.750000000000000        40.002218281658813     
   15.000000000000000        40.330706801505492     
   15.250000000000000        40.655053620500524     
   15.500000000000000        40.975241065644362     
   15.750000000000000        41.291253592684136     
   16.000000000000000        41.603077790285440     
   16.250000000000000        41.910702383068454     
   16.500000000000000        42.214118233514498     
   16.750000000000000        42.513318342749436     
   17.000000000000000        42.808297850211360     
   17.250000000000000        43.099054032210546     
   17.500000000000000        43.385586299390063     
   17.750000000000000        43.667896193096382     
   18.000000000000000        43.945987380669607     
   18.250000000000000        44.219865649663632     
   18.500000000000000        44.489538901007059     
   18.750000000000000        44.755017141116348     
   19.000000000000000        45.016312472972771     
   19.250000000000000        45.273439086175728     
   19.500000000000000        45.526413245985140     
   19.750000000000000        45.775253281365941     
   20.000000000000000        46.019979572048499     
   20.250000000000000        46.260614534618796     
   20.500000000000000        46.497182607652789     
   20.750000000000000        46.729710235909486     
   21.000000000000000        46.958225853597995     
   21.250000000000000        47.182759866733562     
   21.500000000000000        47.403344634598390     
   21.750000000000000        47.620014450322913     
   22.000000000000000        47.832805520603706     
   22.250000000000000        48.041755944574120     
   22.500000000000000        48.246905691844347     
   22.750000000000000        48.448296579727369     
   23.000000000000000        48.645972249667587     
   23.250000000000000        48.839978142889130     
   23.500000000000000        49.030361475280820     
   23.750000000000000        49.217171211534932     
   24.000000000000000        49.400458038556977     
   24.250000000000000        49.580274338163726     
   24.500000000000000        49.756674159086828     
   24.750000000000000        49.929713188299381     
   25.000000000000000        50.099448721682791     
   25.250000000000000        50.265939634051222     
   25.500000000000000        50.429246348551175     
   25.750000000000000        50.589430805453190     
   26.000000000000000        50.746556430353280     
   26.250000000000000        50.900688101801144     
   26.500000000000000        51.051892118372322     
   26.750000000000000        51.200236165201403     
   27.000000000000000        51.345789279993376     
   27.250000000000000        51.488621818529907     
   27.500000000000000        51.628805419687424     
   27.750000000000000        51.766412969983790     
   28.000000000000000        51.901518567669925     
   28.250000000000000        52.034197486383235     
   28.500000000000000        52.164526138378797     
   28.750000000000000        52.292582037354798     
   29.000000000000000        52.418443760888238     
   29.250000000000000        52.542190912496793     
   29.500000000000000        52.663904083342800     
   29.750000000000000        52.783664813594925     
   30.000000000000000        52.901555553463055     
   30.250000000000000        53.017659623921965     
   30.500000000000000        53.132061177138844     
   30.750000000000000        53.244845156619945     
   31.000000000000000        53.356097257091257     
   31.250000000000000        53.465903884128231     
   31.500000000000000        53.574352113549011     
   31.750000000000000        53.681529650586093     
   32.000000000000000        53.787524788850668     
   32.250000000000000        53.892426369104214     
   32.500000000000000        53.996323737851370     
   32.750000000000000        54.099306705768569     
   33.000000000000000        54.201465505982142     
   33.250000000000000        54.302890752210104     
   33.500000000000000        54.403673396781471     
   33.750000000000000        54.503904688546825     
   34.000000000000000        54.603676130693998     
   34.250000000000000        54.703079438482426     
   34.500000000000000        54.802206496909847     
   34.750000000000000        54.901149318325061     
 35.00   55.000000000000000     


 0.00   15.000000000000000     
  0.25000000000000000        15.441390658396440     
  0.50000000000000000        15.882702027180285     
  0.75000000000000000        16.323854858480537     
   1.0000000000000000        16.764769987884733     
   1.2500000000000000        17.205368376106499     
   1.5000000000000000        17.645571150579208     
   1.7500000000000000        18.085299646951061     
   2.0000000000000000        18.524475450457189     
   2.2500000000000000        18.963020437144351     
   2.5000000000000000        19.400856814923994     
   2.7500000000000000        19.837907164429513     
   3.0000000000000000        20.274094479653776     
   3.2500000000000000        20.709342208343084     
   3.5000000000000000        21.143574292123983     
   3.7500000000000000        21.576715206339546     
   4.0000000000000000        22.008689999571914     
   4.2500000000000000        22.439424332828274     
   4.5000000000000000        22.868844518367528     
   4.7500000000000000        23.296877558145386     
   5.0000000000000000        23.723451181855769     
   5.2500000000000000        24.148493884546767     
   5.5000000000000000        24.571934963789801     
   5.7500000000000000        24.993704556380855     
   6.0000000000000000        25.413733674553146     
   6.2500000000000000        25.831954241680901     
   6.5000000000000000        26.248299127454231     
   6.7500000000000000        26.662702182505736     
   7.0000000000000000        27.075098272469624     
   7.2500000000000000        27.485423311454742     
   7.5000000000000000        27.893614294913249     
   7.7500000000000000        28.299609331887300     
   8.0000000000000000        28.703347676616239     
   8.2500000000000000        29.104769759487702     
   8.5000000000000000        29.503817217316250     
   8.7500000000000000        29.900432922933618     
   9.0000000000000000        30.294561014075438     
   9.2500000000000000        30.686146921549497     
   9.5000000000000000        31.075137396671376     
   9.7500000000000000        31.461480537953687     
   10.000000000000000        31.845125817035751     
   10.250000000000000        32.226024103841020     
   10.500000000000000        32.604127690950200     
   10.750000000000000        32.979390317178577     
   11.000000000000000        33.351767190346457     
   11.250000000000000        33.721215009232402     
   11.500000000000000        34.087691984699397     
   11.750000000000000        34.451157859984754     
   12.000000000000000        34.811573930144810     
   12.250000000000000        35.168903060646642     
   12.500000000000000        35.523109705098925     
   12.750000000000000        35.874159922115226     
   13.000000000000000        36.222021391303095     
   13.250000000000000        36.566663428373275     
   13.500000000000000        36.908056999363772     
   13.750000000000000        37.246174733973987     
   14.000000000000000        37.580990938004888     
   14.250000000000000        37.912481604901586     
   14.500000000000000        38.240624426395442     
   14.750000000000000        38.565398802243102     
   15.000000000000000        38.886785849060637     
   15.250000000000000        39.204768408251496     
   15.500000000000000        39.519331053027386     
   15.750000000000000        39.830460094521790     
   16.000000000000000        40.138143586996520     
   16.250000000000000        40.442371332141896     
   16.500000000000000        40.743134882471935     
   16.750000000000000        41.040427543816378     
   17.000000000000000        41.334244376911791     
   17.250000000000000        41.624582198094508     
   17.500000000000000        41.911439579098754     
   17.750000000000000        42.194816845963665     
   18.000000000000000        42.474716077053266     
   18.250000000000000        42.751141100194332     
   18.500000000000000        43.024097488936981     
   18.750000000000000        43.293592557943668     
   19.000000000000000        43.559635357512470     
   19.250000000000000        43.822236667241036     
   19.500000000000000        44.081408988838056     
   19.750000000000000        44.337166538089313     
   20.000000000000000        44.589525235985874     
   20.250000000000000        44.838502699022420     
   20.500000000000000        45.084118228673915     
   20.750000000000000        45.326392800059232     
   21.000000000000000        45.565349049800751     
   21.250000000000000        45.801011263089229     
   21.500000000000000        46.033405359963460     
   21.750000000000000        46.262558880814737     
   22.000000000000000        46.488500971126236     
   22.250000000000000        46.711262365457884     
   22.500000000000000        46.930875370687431     
   22.750000000000000        47.147373848518725     
   23.000000000000000        47.360793197268521     
   23.250000000000000        47.571170332943240     
   23.500000000000000        47.778543669617591     
   23.750000000000000        47.982953099126746     
   24.000000000000000        48.184439970084512     
   24.250000000000000        48.383047066239669     
   24.500000000000000        48.578818584183132     
   24.750000000000000        48.771800110418596     
   25.000000000000000        48.962038597809666     
   25.250000000000000        49.149582341416419     
   25.500000000000000        49.334480953734683     
   25.750000000000000        49.516785339351401     
   26.000000000000000        49.696547669029485     
   26.250000000000000        49.873821353235897     
   26.500000000000000        50.048661015126605     
   26.750000000000000        50.221122463002231     
   27.000000000000000        50.391262662248494     
   27.250000000000000        50.559139706775312     
   27.500000000000000        50.724812789968809     
   27.750000000000000        50.888342175170344     
   28.000000000000000        51.049789165697007     
   28.250000000000000        51.209216074417760     
   28.500000000000000        51.366686192899749     
   28.750000000000000        51.522263760139310     
   29.000000000000000        51.676013930892040     
   29.250000000000000        51.828002743616750     
   29.500000000000000        51.978297088047704     
   29.750000000000000        52.126964672409919     
   30.000000000000000        52.274073990292266     
   30.250000000000000        52.419694287193046     
   30.500000000000000        52.563895526752752     
   30.750000000000000        52.706748356688969     
   31.000000000000000        52.848324074448072     
   31.250000000000000        52.988694592588551     
   31.500000000000000        53.127932403911004     
   31.750000000000000        53.266110546349346     
   32.000000000000000        53.403302567638384     
   32.250000000000000        53.539582489772556     
   32.500000000000000        53.675024773270600     
   32.750000000000000        53.809704281261240     
   33.000000000000000        53.943696243404681     
   33.250000000000000        54.077076219664917     
   33.500000000000000        54.209920063947592     
   33.750000000000000        54.342303887618584     
   34.000000000000000        54.474304022917998     
   34.250000000000000        54.605996986284644     
   34.500000000000000        54.737459441605864     
   34.750000000000000        54.868768163407651     
 35.00   55.000000000000000     


 0.00   15.000000000000000     
  0.25000000000000000        15.413806923650601     
  0.50000000000000000        15.827548932557805     
  0.75000000000000000        16.241161145503110     
   1.0000000000000000        16.654578748299240     
   1.2500000000000000        17.067737027259337     
   1.5000000000000000        17.480571402610547     
   1.7500000000000000        17.893017461833381     
   2.0000000000000000        18.305010992908517     
   2.2500000000000000        18.716488017452640     
   2.5000000000000000        19.127384823724984     
   2.7500000000000000        19.537637999486396     
   3.0000000000000000        19.947184464692800     
   3.2500000000000000        20.355961504005048     
   3.5000000000000000        20.763906799097313     
   3.7500000000000000        21.170958460746249     
   4.0000000000000000        21.577055060683339     
   4.2500000000000000        21.982135663193045     
   4.5000000000000000        22.386139856439453     
   4.7500000000000000        22.789007783504349     
   5.0000000000000000        23.190680173119901     
   5.2500000000000000        23.591098370079202     
   5.5000000000000000        23.990204365308301     
   5.7500000000000000        24.387940825583424     
   6.0000000000000000        24.784251122877446     
   6.2500000000000000        25.179079363319872     
   6.5000000000000000        25.572370415754833     
   6.7500000000000000        25.964069939881860     
   7.0000000000000000        26.354124413964566     
   7.2500000000000000        26.742481162092524     
   7.5000000000000000        27.129088380982044     
   7.7500000000000000        27.513895166301683     
   8.0000000000000000        27.896851538508912     
   8.2500000000000000        28.277908468184378     
   8.5000000000000000        28.657017900850764     
   8.7500000000000000        29.034132781263377     
   9.0000000000000000        29.409207077160183     
   9.2500000000000000        29.782195802459071     
   9.5000000000000000        30.153055039890781     
   9.7500000000000000        30.521741963055977     
   10.000000000000000        30.888214857895623     
   10.250000000000000        31.252433143563920     
   10.500000000000000        31.614357392693659     
   10.750000000000000        31.973949351044013     
   11.000000000000000        32.331171956521416     
   11.250000000000000        32.685989357564360     
   11.500000000000000        33.038366930883363     
   11.750000000000000        33.388271298547977     
   12.000000000000000        33.735670344412711     
   12.250000000000000        34.080533229874582     
   12.500000000000000        34.422830408954951     
   12.750000000000000        34.762533642699246     
   13.000000000000000        35.099616012888006     
   13.250000000000000        35.434051935053510     
   13.500000000000000        35.765817170796538     
   13.750000000000000        36.094888839398109     
   14.000000000000000        36.421245428721583     
   14.250000000000000        36.744866805400960     
   14.500000000000000        37.065734224311385     
   14.750000000000000        37.383830337318614     
   15.000000000000000        37.699139201304263     
   15.250000000000000        38.011646285464373     
   15.500000000000000        38.321338477878911     
   15.750000000000000        38.628204091350639     
   16.000000000000000        38.932232868511718     
   16.250000000000000        39.233415986197166     
   16.500000000000000        39.531746059084526     
   16.750000000000000        39.827217142599622     
   17.000000000000000        40.119824735088372     
   17.250000000000000        40.409565779255423     
   17.500000000000000        40.696438662870456     
   17.750000000000000        40.980443218743488     
   18.000000000000000        41.261580723970880     
   18.250000000000000        41.539853898454140     
   18.500000000000000        41.815266902693878     
   18.750000000000000        42.087825334861840     
   19.000000000000000        42.357536227154014     
   19.250000000000000        42.624408041428467     
   19.500000000000000        42.888450664131625     
   19.750000000000000        43.149675400517268     
   20.000000000000000        43.408094968162828     
   20.250000000000000        43.663723489787628     
   20.500000000000000        43.916576485378521     
   20.750000000000000        44.166670863628212     
   21.000000000000000        44.414024912692220     
   21.250000000000000        44.658658290270473     
   21.500000000000000        44.900592013020137     
   21.750000000000000        45.139848445306200     
   22.000000000000000        45.376451287296945     
   22.250000000000000        45.610425562411564     
   22.500000000000000        45.841797604127493     
   22.750000000000000        46.070595042155261     
   23.000000000000000        46.296846787988997     
   23.250000000000000        46.520583019840970     
   23.500000000000000        46.741835166968684     
   23.750000000000000        46.960635893403484     
   24.000000000000000        47.177019081089668     
   24.250000000000000        47.391019812443531     
   24.500000000000000        47.602674352341751     
   24.750000000000000        47.812020129549040     
   25.000000000000000        48.019095717594944     
   25.250000000000000        48.223940815109948     
   25.500000000000000        48.426596225631393     
   25.750000000000000        48.627103836889638     
   26.000000000000000        48.825506599585410     
   26.250000000000000        49.021848505669055     
   26.500000000000000        49.216174566133112     
   26.750000000000000        49.408530788329209     
   27.000000000000000        49.598964152820912     
   27.250000000000000        49.787522589784196     
   27.500000000000000        49.974254954967044     
   27.750000000000000        50.159211005220456     
   28.000000000000000        50.342441373612594     
   28.250000000000000        50.523997544138460     
   28.500000000000000        50.703931826037319     
   28.750000000000000        50.882297327730377     
   29.000000000000000        51.059147930391283     
   29.250000000000000        51.234538261162065     
   29.500000000000000        51.408523666027378     
   29.750000000000000        51.581160182359831     
   30.000000000000000        51.752504511149546     
   30.250000000000000        51.922613988930934     
   30.500000000000000        52.091546559419818     
   30.750000000000000        52.259360744874321     
   31.000000000000000        52.426115617192671     
   31.250000000000000        52.591870768761510     
   31.500000000000000        52.756686283068007     
   31.750000000000000        52.920622705089528     
   32.000000000000000        53.083741011474316     
   32.250000000000000        53.246102580526937     
   32.500000000000000        53.407769162012215     
   32.750000000000000        53.568802846791357     
   33.000000000000000        53.729266036304175     
   33.250000000000000        53.889221411911294     
   33.500000000000000        54.048731904110063     
   33.750000000000000        54.207860661638364     
   34.000000000000000        54.366671020480076     
   34.250000000000000        54.525226472786251     
   34.500000000000000        54.683590635726077     
   34.750000000000000        54.841827220281552     
 35.00   55.000000000000000     


