   0.0000000000000000        3.0229028545477612E-004   6.0457228333712898E-004   9.0680437547788369E-004   1.2090616012670843E-003
   1.6666666666666668E-003   6.0457228369339261E-004   1.2090782685164568E-003   1.8133850176303020E-003   2.4175928683095134E-003
   3.3333333333333335E-003   9.0683770772688216E-004   1.8134516646505332E-003   2.7195182483330813E-003   3.6250636995261011E-003
   5.0000000000000001E-003   1.2090782710206553E-003   2.4176261953917887E-003   3.6249804998506325E-003   4.8309444584577260E-003
   6.6666666666666671E-003   1.5112856877216737E-003   3.0215356062004844E-003   4.5295483699961973E-003   6.0347062061033218E-003
   8.3333333333333332E-003   1.8134516728856049E-003   3.6251136716102662E-003   5.4329986772512487E-003   7.2358209329299325E-003
   1.0000000000000000E-002   2.1155679427039527E-003   4.2282942024905344E-003   6.3351085158304486E-003   8.4337617904750826E-003
   1.1666666666666667E-002   2.4176262147311543E-003   4.8310110533048255E-003   7.2356553106785746E-003   9.6280033224398522E-003
   1.3333333333333334E-002   2.7196182081116434E-003   5.4331981293644152E-003   8.1344168723858426E-003   1.0818021695171313E-002
   1.5000000000000001E-002   3.0215356438068664E-003   6.0347893940763475E-003   9.0311714520080796E-003   1.2003294927433213E-002
   1.6666666666666666E-002   3.3233702448222519E-003   6.6357188761850885E-003   9.9256977957782339E-003   1.3183303119364130E-002
   1.8333333333333333E-002   3.6251137364341200E-003   7.2359206770070180E-003   1.0817775199695697E-002   1.4357528680522669E-002
   2.0000000000000000E-002   3.9267578464165344E-003   7.8353289776569596E-003   1.1707183563979989E-002   1.5525456556919665E-002
   2.1666666666666667E-002   4.2282943052680821E-003   8.4338780462659690E-003   1.2593703447375364E-002   1.6686574456937827E-002
   2.3333333333333334E-002   4.5297148464385805E-003   9.0315022451895634E-003   1.3477116121292945E-002   1.7840373076039709E-002
   2.5000000000000001E-002   4.8310112065557036E-003   9.6281360382056407E-003   1.4357203623777024E-002   1.8986346320165430E-002
   2.6666666666666668E-002   5.1321751256515162E-003   1.0223713997701256E-002   1.5233748813282200E-002   2.0123991527722210E-002
   2.8333333333333335E-002   5.4331983473889251E-003   1.0818170811847490E-002   1.6106535422248127E-002   2.1252809690068288E-002
   3.0000000000000002E-002   5.7340726192880217E-003   1.1411441291761647E-002   1.6975348110458584E-002   2.2372305670394530E-002
   3.1666666666666669E-002   6.0347896929523201E-003   1.2003460378655927E-002   1.7839972518171793E-002   2.3481988420907748E-002
   3.3333333333333333E-002   6.3353413242948865E-003   1.2594163150971869E-002   1.8700195319008784E-002   2.4581371198220427E-002
   3.4999999999999996E-002   6.6357192737643506E-003   1.3183484831499722E-002   1.9555804272586831E-002   2.5669971776852391E-002
   3.6666666666666660E-002   6.9359153065707887E-003   1.3771360794482006E-002   2.0406588276884935E-002   2.6747312660750776E-002
   3.8333333333333323E-002   7.2359211929114787E-003   1.4357726572700439E-002   2.1252337420328424E-002   2.7812921292735524E-002
   3.9999999999999987E-002   7.5357287081965181E-003   1.4942517864545507E-002   2.2092843033579869E-002   2.8866330261778528E-002
   4.1666666666666650E-002   7.8353296332742996E-003   1.5525670541067852E-002   2.2927897741023478E-002   2.9907077508025477E-002
   4.3333333333333314E-002   8.1347157546568395E-003   1.6107120653010735E-002   2.3757295511930312E-002   3.0934706525470528E-002
   4.4999999999999978E-002   8.4338788647449429E-003   1.6686804437822795E-002   2.4580831711291679E-002   3.1948766562194877E-002
   4.6666666666666641E-002   8.7328107620532197E-003   1.7264658326650330E-002   2.5398303150308159E-002   3.2948812818081395E-002
   4.8333333333333305E-002   9.0315032514349178E-003   1.7840618951308330E-002   2.6209508136521797E-002   3.3934406639918570E-002
   4.9999999999999968E-002   9.3299481443066042E-003   1.8414623151229517E-002   2.7014246523579144E-002   3.4905115713808277E-002
   5.1666666666666632E-002   9.6281372588726370E-003   1.8986607980390618E-002   2.7812319760612807E-002   3.5860514254792891E-002
   5.3333333333333295E-002   9.9260624203494838E-003   1.9556510714215103E-002   2.8603530941229333E-002   3.6800183193618573E-002
   5.4999999999999959E-002   1.0223715461189817E-002   2.0124268856451622E-002   2.9387684852091405E-002   3.7723710360552831E-002
   5.6666666666666622E-002   1.0521088221306433E-002   2.0689820146027459E-002   3.0164588021082274E-002   3.8630690666175756E-002
   5.8333333333333286E-002   1.0818172548295958E-002   2.1253102563876126E-002   3.0934048765040585E-002   3.9520726279065568E-002
   5.9999999999999949E-002   1.1114960297662346E-002   2.1814054339738473E-002   3.1695877237053867E-002   4.0393426800300586E-002
   6.1666666666666613E-002   1.1411443333040151E-002   2.2372613958936471E-002   3.2449885473298884E-002   4.1248409434701018E-002
   6.3333333333333283E-002   1.1707613526417590E-002   2.2928720169119024E-002   3.3195887439417461E-002   4.2085299158735573E-002
   6.4999999999999947E-002   1.2003462758359373E-002   2.3482311986978942E-002   3.3933699076416232E-002   4.2903728885019074E-002
   6.6666666666666610E-002   1.2298982918229286E-002   2.4033328704940470E-002   3.4663138346078967E-002   4.3703339623329125E-002
   6.8333333333333274E-002   1.2594165904412549E-002   2.4581709897816547E-002   3.5384025275880394E-002   4.4483780638071013E-002
   6.9999999999999937E-002   1.2889003624537919E-002   2.5127395429435106E-002   3.6096182003390306E-002   4.5244709602121895E-002
   7.1666666666666601E-002   1.3183487995699543E-002   2.5670325459233700E-002   3.6799432820157046E-002   4.5985792746986727E-002
   7.3333333333333264E-002   1.3477610944678538E-002   2.6210440448821669E-002   3.7493604215059588E-002   4.6706705009200135E-002
   7.4999999999999928E-002   1.3771364408164330E-002   2.6747681168509216E-002   3.8178524917117471E-002   4.7407130172909949E-002
   7.6666666666666591E-002   1.4064740332975700E-002   2.7281988703802593E-002   3.8854025937747956E-002   4.8086761008579872E-002
   7.8333333333333255E-002   1.4357730676281561E-002   2.7813304461864748E-002   3.9519940612460155E-002   4.8745299407750492E-002
   7.9999999999999918E-002   1.4650327405821454E-002   2.8341570177940693E-002   4.0176104641975706E-002   4.9382456513799459E-002
   8.1666666666666582E-002   1.4942522500125744E-002   2.8866727921746875E-002   4.0822356132765830E-002   4.9997952848643480E-002
   8.3333333333333245E-002   1.5234307948735534E-002   2.9388720103823898E-002   4.1458535636994906E-002   5.0591518435326652E-002
   8.4999999999999909E-002   1.5525675752422261E-002   2.9907489481851849E-002   4.2084486191860601E-002   5.1162892916441216E-002
   8.6666666666666572E-002   1.5816617923407002E-002   3.0422979166927568E-002   4.2700053358320847E-002   5.1711825668328909E-002
   8.8333333333333236E-002   1.6107126485579451E-002   3.0935132629803155E-002   4.3305085259198142E-002   5.2238075911012719E-002
   8.9999999999999900E-002   1.6397193474716590E-002   3.1443893707085037E-002   4.3899432616651822E-002   5.2741412813810937E-002
   9.1666666666666563E-002   1.6686810938701013E-002   3.1949206607392894E-002   4.4482948789008950E-002   5.3221615596587078E-002
   9.3333333333333227E-002   1.6975970937738942E-002   3.2451015917477878E-002   4.5055489806944807E-002   5.3678473626591332E-002
   9.4999999999999890E-002   1.7264665544577888E-002   3.2949266608299214E-002   4.5616914409004040E-002   5.4111786510851023E-002
   9.6666666666666554E-002   1.7552886844723989E-002   3.3443904041058826E-002   4.6167084076453715E-002   5.4521364184069533E-002
   9.8333333333333217E-002   1.7840626936658961E-002   3.3934873973193051E-002   4.6705863067459656E-002   5.4907026991995234E-002
   9.9999999999999881E-002   1.8127877932056734E-002   3.4422122564320951E-002   4.7233118450577663E-002   5.5268605770223751E-002
  0.10166666666666654        1.8414631955999707E-002   3.4905596382148560E-002   4.7748720137551312E-002   5.5605941918399023E-002
  0.10333333333333321        1.8700881147194627E-002   3.5385242408328285E-002   4.8252540915408232E-002   5.5918887469780645E-002
  0.10499999999999987        1.8986617658188105E-002   3.5861008044272974E-002   4.8744456477847087E-002   5.6207305156146983E-002
  0.10666666666666653        1.9271833655581772E-002   3.6332841116923982E-002   4.9224345455907252E-002   5.6471068468005481E-002
  0.10833333333333320        1.9556521320247006E-002   3.6800689884472493E-002   4.9692089447913861E-002   5.6710061710083928E-002
  0.10999999999999986        1.9840672847539299E-002   3.7264503042033582E-002   5.0147573048690754E-002   5.6924180052078201E-002
  0.11166666666666653        2.0124280447512233E-002   3.7724229727272442E-002   5.0590683878034025E-002   5.7113329574634296E-002
  0.11333333333333319        2.0407336345131016E-002   3.8179819525981928E-002   5.1021312608439326E-002   5.7277427310544436E-002
  0.11499999999999985        2.0689832780485654E-002   3.8631222477611089E-002   5.1439352992075908E-002   5.7416401281139236E-002
  0.11666666666666652        2.0971762009003664E-002   3.9078389080743917E-002   5.1844701887000841E-002   5.7530190527859890E-002
  0.11833333333333318        2.1253116301662413E-002   3.9521270298527686E-002   5.2237259282607001E-002   5.7618745138996626E-002
  0.11999999999999984        2.1533887945200999E-002   3.9959817564050440E-002   5.2616928324298325E-002   5.7682026271581636E-002
  0.12166666666666651        2.1814069242331705E-002   4.0393982785666881E-002   5.2983615337386540E-002   5.7720006168426825E-002
  0.12333333333333317        2.2093652511951018E-002   4.0823718352272158E-002   5.3337229850203234E-002   5.7732668170299095E-002
  0.12499999999999983        2.2372630089350205E-002   4.1248977138522970E-002   5.3677684616421695E-002   5.7720006723227593E-002
  0.12666666666666651        2.2650994326425450E-002   4.1669712510005383E-002   5.4004895636582922E-002   5.7682027380939888E-002
  0.12833333333333319        2.2928737591887509E-002   4.2085878328348834E-002   5.4318782178820628E-002   5.7618746802425881E-002
  0.12999999999999987        2.3205852271470925E-002   4.2497428956285693E-002   5.4619266798779917E-002   5.7530192744630684E-002
  0.13166666666666654        2.3482330768142774E-002   4.2904319262655935E-002   5.4906275358725012E-002   5.7416404050279451E-002
  0.13333333333333322        2.3758165502310937E-002   4.3306504627356260E-002   5.5179737045830964E-002   5.7277430630839732E-002
  0.13499999999999990        2.4033348912031897E-002   4.3703940946233186E-002   5.5439584389655128E-002   5.7113333444628642E-002
  0.13666666666666658        2.4307873453218026E-002   4.4096584635919603E-002   5.5685753278784007E-002   5.6924184470074503E-002
  0.13833333333333325        2.4581731599844437E-002   4.4484392638614118E-002   5.5918182976651229E-002   5.6710066674144771E-002
  0.13999999999999993        2.4854915844155279E-002   4.4867322426802886E-002   5.6136816136522896E-002   5.6471073975954002E-002
  0.14166666666666661        2.5127418696869575E-002   4.5245332007923189E-002   5.6341598815646661E-002   5.6207311205567809E-002
  0.14333333333333328        2.5399232687386537E-002   4.5618379928968424E-002   5.6532480488560813E-002   5.5918894058020946E-002
  0.14499999999999996        2.5670350363990378E-002   4.5986425281033881E-002   5.6709414059560280E-002   5.5605949042569679E-002
  0.14666666666666664        2.5940764294054574E-002   4.6349427703802855E-002   5.6872355874316459E-002   5.5268613427200637E-002
  0.14833333333333332        2.6210467064245666E-002   4.6707347389972620E-002   5.7021265730647905E-002   5.4907035178420570E-002
  0.14999999999999999        2.6479451280726450E-002   4.7060145089619747E-002   5.7156106888439313E-002   5.4521372896353351E-002
  0.15166666666666667        2.6747709569358721E-002   4.7407782114504290E-002   5.7276846078706284E-002   5.4111795745172768E-002
  0.15333333333333335        2.7015234575905399E-002   4.7750220342312404E-002   5.7383453511803705E-002   5.3678483378901513E-002
  0.15500000000000003        2.7282018966232169E-002   4.8087422220836867E-002   5.7475902884775686E-002   5.3221625862609048E-002
  0.15666666666666670        2.7548055426508525E-002   4.8419350772095124E-002   5.7554171387845167E-002   5.2741423589042775E-002
  0.15833333333333338        2.7813336663408284E-002   4.8745969596384331E-002   5.7618239710041735E-002   5.2238087190729213E-002
  0.16000000000000006        2.8077855404309543E-002   4.9067242876272968E-002   5.7668092043966210E-002   5.1711837447583613E-002
  0.16166666666666674        2.8341604397494030E-002   4.9383135380528666E-002   5.7703716089690674E-002   5.1162905190068629E-002
  0.16333333333333341        2.8604576412345938E-002   4.9693612467981665E-002   5.7725103057793249E-002   5.0591531197944455E-002
  0.16500000000000009        2.8866764239550126E-002   4.9998640091323661E-002   5.7732247671526724E-002   4.9997966094654935E-002
  0.16666666666666677        2.9128160691289779E-002   5.0298184800841410E-002   5.7725148168120369E-002   4.9382470237395858E-002
  0.16833333333333345        2.9388758601443441E-002   5.0592213748084931E-002   5.7703806299214955E-002   4.8745313602913683E-002
  0.17000000000000012        2.9648550825781488E-002   5.0880694689469652E-002   5.7668227330430526E-002   4.8086775669084904E-002
  0.17166666666666680        2.9907530242161980E-002   5.1163595989812329E-002   5.7618420040067259E-002   4.7407145292327806E-002
  0.17333333333333348        3.0165689750725921E-002   5.1440886625800188E-002   5.7554396716939585E-002   4.6706720580900557E-002
  0.17500000000000016        3.0423022274091886E-002   5.1712536189392942E-002   5.7476173157344219E-002   4.5985808764141128E-002
  0.17666666666666683        3.0679520757550049E-002   5.1978514891157422E-002   5.7383768661162800E-002   4.5244726057706339E-002
  0.17833333333333351        3.0935178169255596E-002   5.2238793563534308E-002   5.7277206027100028E-002   4.4483797524869299E-002
  0.18000000000000019        3.1189987500421491E-002   5.2493343664036685E-002   5.7156511547058704E-002   4.3703356933935948E-002
  0.18166666666666687        3.1443941765510623E-002   5.2742137278380022E-002   5.7021714999652695E-002   4.2903746611843277E-002
  0.18333333333333354        3.1697034002427314E-002   5.2985147123543339E-002   5.6872849642859810E-002   4.2085317294003492E-002
  0.18500000000000022        3.1949257272708191E-002   5.3222346550761038E-002   5.6709952205816115E-002   4.1248427970459869E-002
  0.18666666666666690        3.2200604661712387E-002   5.3453709548445277E-002   5.6533062879753876E-002   4.0393445728421962E-002
  0.18833333333333357        3.2451069278811105E-002   5.3679210745038439E-002   5.6342225308085261E-002   3.9520745591248990E-002
  0.19000000000000025        3.2700644257576537E-002   5.3898825411795373E-002   5.6137486575634381E-002   3.8630710353952324E-002
  0.19166666666666693        3.2949322755970109E-002   5.4112529465495225E-002   5.5918897197020097E-002   3.7723730415288953E-002
  0.19333333333333361        3.3197097956530017E-002   5.4320299471082384E-002   5.5686511104192760E-002   3.6800203606519727E-002
  0.19500000000000028        3.3443963066558183E-002   5.4522112644236446E-002   5.5440385633127698E-002   3.5860535016907495E-002
  0.19666666666666696        3.3689911318306405E-002   5.4717946853870741E-002   5.5180581509678875E-002   3.4905136816031600E-002
  0.19833333333333364        3.3934935969161979E-002   5.4907780624559276E-002   5.4907162834596165E-002   3.3934428072996736E-002
  0.20000000000000032        3.4179030301832461E-002   5.5091593138891747E-002   5.4620197067709965E-002   3.2948834572615458E-002
  0.20166666666666699        3.4422187624529879E-002   5.5269364239756397E-002   5.4319755011287017E-002   3.1948788628644906E-002
  0.20333333333333367        3.4664401271154152E-002   5.5441074432550475E-002   5.4005910792561541E-002   3.0934728894159800E-002
  0.20500000000000035        3.4905664601475879E-002   5.5606704887318045E-002   5.3678741845446049E-002   2.9907100169144746E-002
  0.20666666666666703        3.5145971001318312E-002   5.5766237440814902E-002   5.3338328891426291E-002   2.8866353205390310E-002
  0.20833333333333370        3.5385313882738766E-002   5.5919654598500367E-002   5.2984755919645049E-002   2.7812944508778449E-002
  0.21000000000000038        3.5623686684209170E-002   5.6066939536455758E-002   5.2618110166179753E-002   2.6747336139044002E-002
  0.21166666666666706        3.5861082870795945E-002   5.6208076103229337E-002   5.2238482092518933E-002   2.5669995507100078E-002
  0.21333333333333374        3.6097495934339197E-002   5.6343048821607497E-002   5.1845965363242950E-002   2.4581395170016253E-002
  0.21500000000000041        3.6332919393631119E-002   5.6471842890311999E-002   5.1440656822914370E-002   2.3482012623739456E-002
  0.21666666666666709        3.6567346794593655E-002   5.6594444185623108E-002   5.1022656472183757E-002   2.2372330093648550E-002
  0.21833333333333377        3.6800771710455461E-002   5.6710839262928414E-002   5.0592067443116832E-002   2.1252834323034389E-002
  0.22000000000000045        3.7033187741928070E-002   5.6821015358197190E-002   5.0148995973748930E-002   2.0124016359598200E-002
  0.22166666666666712        3.7264588517381354E-002   5.6924960389380115E-002   4.9693551381873258E-002   1.8986371340061883E-002
  0.22333333333333380        3.7494967693018182E-002   5.7022662957734185E-002   4.9225846038069156E-002   1.7840398272984757E-002
  0.22500000000000048        3.7724318953048341E-002   5.7114112349072745E-002   4.8745995337977237E-002   1.6686599819881957E-002
  0.22666666666666715        3.7952636009861672E-002   5.7199298534940407E-002   4.8254117673828131E-002   1.5525482074740563E-002
  0.22833333333333383        3.8179912604200457E-002   5.7278212173712768E-002   4.7750334405231937E-002   1.4357554342030109E-002
  0.23000000000000051        3.8406142505331010E-002   5.7350844611620842E-002   4.7234769829235454E-002   1.3183328913304879E-002
  0.23166666666666719        3.8631319511214485E-002   5.7417187883700031E-002   4.6707551149654761E-002   1.2003320842495956E-002
  0.23333333333333386        3.8855437448676908E-002   5.7477234714663615E-002   4.6168808445690525E-002   1.0818047719991624E-002
  0.23500000000000054        3.9078490173578423E-002   5.7530978519700481E-002   4.5618674639833948E-002   9.6280294456051706E-003
  0.23666666666666722        3.9300471570981710E-002   5.7578413405197308E-002   4.5057285465071185E-002   8.4337880005297232E-003
  0.23833333333333390        3.9521375555319656E-002   5.7619534169384826E-002   4.4484779431394290E-002   7.2358472183801084E-003
  0.24000000000000057        3.9741196070562139E-002   5.7654336302908268E-002   4.3901297791627054E-002   6.0347325554221806E-003
  0.24166666666666725        3.9959927090382118E-002   5.7682815989321852E-002   4.3306984506574067E-002   4.8309708600904090E-003
  0.24333333333333393        4.0177562618320777E-002   5.7704970105507299E-002   4.2701986209501684E-002   3.6250901418948059E-003
  0.24500000000000061        4.0394096687951977E-002   5.7720796222016334E-002   4.2086452169959605E-002   2.4176193398185762E-003
  0.24666666666666728        4.0609523363045796E-002   5.7730292603337112E-002   4.1460534256952015E-002   1.2090880903080615E-003
  0.24833333333333396        4.0823836737731239E-002   5.7733458208084495E-002   4.0824386901467349E-002   2.6494956760198097E-008
  0.25000000000000061        4.1037030936658205E-002   5.7730292689114282E-002   4.0178167058375992E-002  -1.2090351120146842E-003
  0.25166666666666726        4.1249100115158518E-002   5.7720796393561258E-002   3.9522034167705208E-002  -2.4175663963805316E-003
  0.25333333333333391        4.1460038459406177E-002   5.7704970362801158E-002   3.8856150115300976E-002  -3.6250372565319968E-003
  0.25500000000000056        4.1669840186576719E-002   5.7682816332336434E-002   3.8180679192886313E-002  -4.8309180559972676E-003
  0.25666666666666721        4.1878499545005790E-002   5.7654336731605957E-002   3.7495788057526055E-002  -6.0346798557574972E-003
  0.25833333333333386        4.2086010814346771E-002   5.7619534683718616E-002   3.6801645690508041E-002  -7.2357946462568721E-003
  0.26000000000000051        4.2292368305727655E-002   5.7578414005110795E-002   3.6098423355650763E-002  -8.4337355790049858E-003
  0.26166666666666716        4.2497566361906991E-002   5.7530979205127883E-002   3.5386294557047990E-002  -9.6279771976699336E-003
  0.26333333333333381        4.2701599357428940E-002   5.7477235485529764E-002   3.4665434996260555E-002  -1.0817995668560756E-002
  0.26500000000000046        4.2904461698777541E-002   5.7417188739920411E-002   3.3936022528965999E-002  -1.2003269010398145E-002
  0.26666666666666711        4.3106147824530039E-002   5.7350845553101534E-002   3.3198237121076724E-002  -1.3183277323272615E-002
  0.26833333333333376        4.3306652205509340E-002   5.7278213200350550E-002   3.2452260804337510E-002  -1.4357503016689721E-002
  0.27000000000000041        4.3505969344935613E-002   5.7199299646622695E-002   3.1698277631413342E-002  -1.5525431036602288E-002
  0.27166666666666706        4.3704093778576952E-002   5.7114113545677629E-002   3.0936473630478595E-002  -1.6686549091330077E-002
  0.27333333333333371        4.3901020074899225E-002   5.7022664239130445E-002   3.0167036759318817E-002  -1.7840347876267770E-002
  0.27500000000000036        4.4096742835214919E-002   5.6924961755427231E-002   2.9390156858956420E-002  -1.8986321297282754E-002
  0.27666666666666700        4.4291256693831202E-002   5.6821016808745378E-002   2.8606025606811757E-002  -2.0123966692704661E-002
  0.27833333333333365        4.4484556318196970E-002   5.6710840797818608E-002   2.7814836469411058E-002  -2.1252785053809314E-002
  0.28000000000000030        4.4676636409049071E-002   5.6594445804686991E-002   2.7016784654652983E-002  -2.2372281243700411E-002
  0.28166666666666695        4.4867491700557587E-002   5.6471844593372025E-002   2.6212067063645525E-002  -2.3481964214492838E-002
  0.28333333333333360        4.5057116960470156E-002   5.6343050608476913E-002   2.5400882242125132E-002  -2.4581347222702454E-002
  0.28500000000000025        4.5245506990255466E-002   5.6208077973712196E-002   2.4583430331470077E-002  -2.5669948042747800E-002
  0.28666666666666690        4.5432656625245718E-002   5.6066941490346946E-002   2.3759913019320133E-002  -2.6747289178470132E-002
  0.28833333333333355        4.5618560734778255E-002   5.5919656635585624E-002   2.2930533489814733E-002  -2.7812898072578935E-002
  0.29000000000000020        4.5803214222336221E-002   5.5766239560870845E-002   2.2095496373461931E-002  -2.8866307313931111E-002
  0.29166666666666685        4.5986612025688225E-002   5.5606707090112194E-002   2.1255007696650466E-002  -2.9907054842552912E-002
  0.29333333333333350        4.6168749117027189E-002   5.5441076717841271E-002   2.0409274830817444E-002  -3.0934684152314641E-002
  0.29500000000000015        4.6349620503108147E-002   5.5269366607293237E-002   1.9558506441284172E-002  -3.1948744491169280E-002
  0.29666666666666680        4.6529221225385137E-002   5.5091595588415018E-002   1.8702912435772729E-002  -3.2948791058867152E-002
  0.29833333333333345        4.6707546360147144E-002   5.4907783155800360E-002   1.7842703912616029E-002  -3.3934385202059984E-002
  0.30000000000000010        4.6884591018653082E-002   5.4717949466552070E-002   1.6978093108674104E-002  -3.4905094606708709E-002
  0.30166666666666675        4.7060350347265814E-002   5.4522115338071511E-002   1.6109293346969509E-002  -3.5860493487710615E-002
  0.30333333333333340        4.7234819527585230E-002   5.4320302245775789E-002   1.5236518984054700E-002  -3.6800162775662705E-002
  0.30500000000000005        4.7407993776580296E-002   5.4112532320742694E-002   1.4359985357124459E-002  -3.7723690300679361E-002
  0.30666666666666670        4.7579868346720254E-002   5.3898828347283816E-002   1.3479908730886345E-002  -3.8630670973183609E-002
  0.30833333333333335        4.7750438526104701E-002   5.3679213760445946E-002   1.2596506244202284E-002  -3.9520706961592746E-002
  0.31000000000000000        4.7919699638592800E-002   5.3453712643441176E-002   1.1709995856514523E-002  -4.0393407866820358E-002
  0.31166666666666665        4.8087647043931481E-002   5.3222349725005939E-002   1.0820596294069089E-002  -4.1248390893518234E-002
  0.31333333333333330        4.8254276137882642E-002   5.2985150376689168E-002   9.9285269959500724E-003  -4.2085281017982999E-002
  0.31499999999999995        4.8419582352349354E-002   5.2742140610070043E-002   9.0340080599380368E-003  -4.2903711152653852E-002
  0.31666666666666660        4.8583561155501151E-002   5.2493347073905537E-002   8.1372601882058939E-003  -4.3703322307129255E-002
  0.31833333333333325        4.8746208051898193E-002   5.2238797051208076E-002   7.2385046328656806E-003  -4.4483763745631948E-002
  0.31999999999999990        4.8907518582614565E-002   5.1978518456253654E-002   6.3379631413796340E-003  -4.5244693140853214E-002
  0.32166666666666655        4.9067488325360509E-002   5.1712539831520694E-002   5.4358579018490534E-003  -4.5985776724108876E-002
  0.32333333333333319        4.9226112894603623E-002   5.1440890344560071E-002   4.5324114881944554E-003  -4.6706689431741284E-002
  0.32499999999999984        4.9383387941689144E-002   5.1163599784796551E-002   3.6278468052405185E-003  -4.7407115047702876E-002
  0.32666666666666649        4.9539309154959126E-002   5.0880698560262054E-002   2.7223870337194042E-003  -4.8086746342259006E-002
  0.32833333333333314        4.9693872259870632E-002   5.0592217694261053E-002   1.8162555752059884E-003  -4.8745285206748951E-002
  0.32999999999999979        4.9847073019112988E-002   5.0298188821968529E-002   9.0967599699861223E-004  -4.9382442784346267E-002
  0.33166666666666644        4.9998907232723863E-002   4.9998644186960817E-002   2.8719769589461699E-006  -4.9997939596760833E-002
  0.33333333333333309        5.0149370738204475E-002   4.9693616637679738E-002  -9.0393275167542989E-004  -5.0591505666827262E-002
  0.33499999999999974        5.0298459410633656E-002   4.9383139623830410E-002  -1.8105144554921070E-003  -5.1162880636925777E-002
  0.33666666666666639        5.0446169162780968E-002   4.9067247192713076E-002  -2.7166494561049696E-003  -5.1711813883183605E-002
  0.33833333333333304        5.0592495945218752E-002   4.8745973985489459E-002  -3.6221141853417433E-003  -5.2238064625406908E-002
  0.33999999999999969        5.0737435746433128E-002   4.8419355233383976E-002  -4.5266852404043482E-003  -5.2741402032694853E-002
  0.34166666666666634        5.0880984592933970E-002   4.8087426753820217E-002  -5.4301394389884537E-003  -5.3221605324689683E-002
  0.34333333333333299        5.1023138549363863E-002   4.7750224946493176E-002  -6.3322538743486251E-003  -5.3678463868418215E-002
  0.34499999999999964        5.1163893718605941E-002   4.7407786789377598E-002  -7.2328059702954865E-003  -5.4111777270682442E-002
  0.34666666666666629        5.1303246241890782E-002   4.7060149834672951E-002  -8.1315735361113285E-003  -5.4521355465958522E-002
  0.34833333333333294        5.1441192298902150E-002   4.6707352204685380E-002  -9.0283348213706042E-003  -5.4907018799765853E-002
  0.34999999999999959        5.1577728107881762E-002   4.6349432587647205E-002  -9.9228685706517980E-003  -5.5268598107469383E-002
  0.35166666666666624        5.1712849925732947E-002   4.5986430233474263E-002  -1.0814954078127157E-002  -5.5605934788480790E-002
  0.35333333333333289        5.1846554048123251E-002   4.5618384949461750E-002  -1.1704371242016834E-002  -5.5918880875825985E-002
  0.35499999999999954        5.1978836809586017E-002   4.5245337095918922E-002  -1.2590900618893982E-002  -5.6207299101048207E-002
  0.35666666666666619        5.2109694583620851E-002   4.4867327581743083E-002  -1.3474323477827423E-002  -5.6471062954418554E-002
  0.35833333333333284        5.2239123782793051E-002   4.4484397859933508E-002  -1.4354421854348530E-002  -5.6710056740427305E-002
  0.35999999999999949        5.2367120858831960E-002   4.4096589923045618E-002  -1.5230978604228982E-002  -5.6924175628531734E-002
  0.36166666666666614        5.2493682302728231E-002   4.3703946298586052E-002  -1.6103777457056167E-002  -5.7113325699138288E-002
  0.36333333333333279        5.2618804644830035E-002   4.3306510044349031E-002  -1.6972603069592980E-002  -5.7277423984798820E-002
  0.36499999999999944        5.2742484454938163E-002   4.2904324743694607E-002  -1.7837241078908852E-002  -5.7416398506602774E-002
  0.36666666666666609        5.2864718342400092E-002   4.2497434500769211E-002  -1.8697478155268926E-002  -5.7530188305749595E-002
  0.36833333333333274        5.2985502956202919E-002   4.2085883935669206E-002  -1.9553102054768328E-002  -5.7618743470287198E-002
  0.36999999999999938        5.3104834985065234E-002   4.1669718179547711E-002  -2.0403901671698480E-002  -5.7682025157005011E-002
  0.37166666666666603        5.3222711157527886E-002   4.1248982869665538E-002  -2.1249667090632654E-002  -5.7720005608471896E-002
  0.37333333333333268        5.3339128242043697E-002   4.0823724144386501E-002  -2.2090189638217815E-002  -5.7732668165211484E-002
  0.37499999999999933        5.3454083047066017E-002   4.0393988638117849E-002  -2.2925261934660008E-002  -5.7720007273009521E-002
  0.37666666666666598        5.3567572421136272E-002   3.9959823476196261E-002  -2.3754677944890612E-002  -5.7682028485350201E-002
  0.37833333333333263        5.3679593252970288E-002   3.9521276269720046E-002  -2.4578233029400799E-002  -5.7618748460980154E-002
  0.37999999999999928        5.3790142471543664E-002   3.9078395110328012E-002  -2.5395723994731660E-002  -5.7530194956601409E-002
  0.38166666666666593        5.3899217046175910E-002   3.8631228564925728E-002  -2.6206949143607570E-002  -5.7416406814696397E-002
  0.38333333333333258        5.4006813986613535E-002   3.8179825670359581E-002  -2.7011708324700408E-002  -5.7277433946490340E-002
  0.38499999999999923        5.4112930343112056E-002   3.7724235928039335E-002  -2.7809802982012313E-002  -5.7113337310058555E-002
  0.38666666666666588        5.4217563206516849E-002   3.7264509298509746E-002  -2.8601036203864887E-002  -5.6924188883588210E-002
  0.38833333333333253        5.4320709708342872E-002   3.6800696195971851E-002  -2.9385212771482622E-002  -5.6710071633806369E-002
  0.38999999999999918        5.4422367020853367E-002   3.6332847482754428E-002  -3.0162139207158739E-002  -5.6471079479588016E-002
  0.39166666666666583        5.4522532357137325E-002   3.5861014463736428E-002  -3.0931623821991366E-002  -5.6207317250760162E-002
  0.39333333333333248        5.4621202971185924E-002   3.5385248880720796E-002  -3.1693476763178415E-002  -5.5918900642120017E-002
  0.39499999999999913        5.4718376157967770E-002   3.4905602906760390E-002  -3.2447510060859455E-002  -5.5605956162687466E-002
  0.39666666666666578        5.4814049253503104E-002   3.4422129140436616E-002  -3.3193537674492971E-002  -5.5268621080214027E-002
  0.39833333333333243        5.4908219634936813E-002   3.3934880600091415E-002  -3.3931375538757656E-002  -5.4907043360972692E-002
  0.39999999999999908        5.5000884720610307E-002   3.3443910718013205E-002  -3.4660841608966299E-002  -5.4521381604855070E-002
  0.40166666666666573        5.5092041970132351E-002   3.2949273334577422E-002  -3.5381755905981208E-002  -5.4111804975804249E-002
  0.40333333333333238        5.5181688884448667E-002   3.2451022692342318E-002  -3.6093940560619923E-002  -5.3678493127613892E-002
  0.40499999999999903        5.5269823005910448E-002   3.1949213430100647E-002  -3.6797219857540420E-002  -5.3221636125126225E-002
  0.40666666666666568        5.5356441918341763E-002   3.1443900576887923E-002  -3.7491420278594853E-002  -5.2741434360863274E-002
  0.40833333333333233        5.5441543247105748E-002   3.0935139545947857E-002  -3.8176370545641186E-002  -5.2238098467128159E-002
  0.40999999999999898        5.5525124659169756E-002   3.0422986128655662E-002  -3.8851901662802224E-002  -5.1711849223614804E-002
  0.41166666666666563        5.5607183863169297E-002   2.9907496488399920E-002  -3.9517846958161434E-002  -5.1162917460566712E-002
  0.41333333333333228        5.5687718609470832E-002   2.9388727154423616E-002  -4.0174042124885505E-002  -5.0591543957527185E-002
  0.41499999999999893        5.5766726690233477E-002   2.8866735015625086E-002  -4.0820325261763261E-002  -4.9997979337725540E-002
  0.41666666666666557        5.5844205939469524E-002   2.8341577314319490E-002  -4.1456536913151140E-002  -4.9382483958145484E-002
  0.41833333333333222        5.5920154233103814E-002   2.7813311639961570E-002  -4.2082520108315216E-002  -4.8745327795323964E-002
  0.41999999999999887        5.5994569489031969E-002   2.7281995922830298E-002  -4.2698120400160175E-002  -4.8086790326930577E-002
  0.42166666666666552        5.6067449667177471E-002   2.6747688427676178E-002  -4.3303185903335581E-002  -4.7407160409179458E-002
  0.42333333333333217        5.6138792769547613E-002   2.6210447747331861E-002  -4.3897567331710179E-002  -4.6706736150127451E-002
  0.42499999999999882        5.6208596840288221E-002   2.5670332796286773E-002  -4.4481118035204791E-002  -4.5985824778914074E-002
  0.42666666666666547        5.6276859965737343E-002   2.5127402804226491E-002  -4.5053694035974937E-002  -4.5244742511000725E-002
  0.42833333333333212        5.6343580274477646E-002   2.4581717309537534E-002  -4.5615154063934037E-002  -4.4483814409468178E-002
  0.42999999999999877        5.6408755937387769E-002   2.4033336152778303E-002  -4.6165359591608626E-002  -4.3703374242433174E-002
  0.43166666666666542        5.6472385167692429E-002   2.3482319470116902E-002  -4.6704174868316843E-002  -4.2903764336646791E-002
  0.43333333333333207        5.6534466221011451E-002   2.2928727686736521E-002  -4.7231466953661823E-002  -4.2085335427338597E-002
  0.43499999999999872        5.6594997395407541E-002   2.2372621510209131E-002  -4.7747105750331670E-002  -4.1248446504372697E-002
  0.43666666666666537        5.6653977031432975E-002   2.1814061923838231E-002  -4.8250964036198080E-002  -4.0393464654782912E-002
  0.43833333333333202        5.6711403512175074E-002   2.1253110179971328E-002  -4.8742917495705453E-002  -3.9520764901756350E-002
  0.43999999999999867        5.6767275263300554E-002   2.0689827793282933E-002  -4.9222844750542921E-002  -3.8630730040135876E-002
  0.44166666666666532        5.6821590753098686E-002   2.0124276534028780E-002  -4.9690627389591714E-002  -3.7723750468513680E-002
  0.44333333333333197        5.6874348492523222E-002   1.9556518421272030E-002  -5.0146149998140363E-002  -3.6800224017989623E-002
  0.44499999999999862        5.6925547035233330E-002   1.8986615716082178E-002  -5.0589300186360701E-002  -3.5860555777669417E-002
  0.44666666666666527        5.6975184977633167E-002   1.8414630914707419E-002  -5.1019968617037482E-002  -3.4905157916979200E-002
  0.44833333333333192        5.7023260958910339E-002   1.7840626741721242E-002  -5.1438049032544800E-002  -3.3934449504874446E-002
  0.44999999999999857        5.7069773661073298E-002   1.7264666143143967E-002  -5.1843438281062790E-002  -3.2948856326022541E-002
  0.45166666666666522        5.7114721808987377E-002   1.6686812279540011E-002  -5.2236036342027982E-002  -3.1948810694039605E-002
  0.45333333333333187        5.7158104170409819E-002   1.6107128519091622E-002  -5.2615746350811080E-002  -3.0934751261863506E-002
  0.45499999999999852        5.7199919556023521E-002   1.5525678430649821E-002  -5.2982474622616099E-002  -2.9907122829346249E-002
  0.45666666666666517        5.7240166819469640E-002   1.4942525776763402E-002  -5.3336130675594999E-002  -2.8866376148150099E-002
  0.45833333333333182        5.7278844857379045E-002   1.4357734506686615E-002  -5.3676627253171953E-002  -2.7812967724033071E-002
  0.45999999999999847        5.7315952609402539E-002   1.3771368749366436E-002  -5.4003880345571978E-002  -2.6747359616610487E-002
  0.46166666666666512        5.7351489058239939E-002   1.3183492806410086E-002  -5.4317809210548393E-002  -2.5670019236680393E-002
  0.46333333333333176        5.7385453229667968E-002   1.2594171145033648E-002  -5.4618336393304170E-002  -2.4581419141201818E-002
  0.46499999999999841        5.7417844192566951E-002   1.2003468390992504E-002  -5.4905387745602108E-002  -2.3482036826015722E-002
  0.46666666666666506        5.7448661058946374E-002   1.1411449321494399E-002  -5.5178892444059213E-002  -2.2372354516399601E-002
  0.46833333333333171        5.7477902983969167E-002   1.0818178858095891E-002  -5.5438783007620798E-002  -2.1252858955547602E-002
  0.46999999999999836        5.7505569165974942E-002   1.0223722059582963E-002  -5.5684995314209854E-002  -2.0124041191068948E-002
  0.47166666666666501        5.7531658846501896E-002   9.6281441148366020E-003  -5.5917468616547734E-002  -1.8986396359598263E-002
  0.47333333333333166        5.7556171310307658E-002   9.0315103356841051E-003  -5.6136145557142164E-002  -1.7840423469612371E-002
  0.47499999999999831        5.7579105885388872E-002   8.4338861497368998E-003  -5.6340972182438873E-002  -1.6686625182548740E-002
  0.47666666666666496        5.7600461942999615E-002   7.8353370932156673E-003  -5.6531897956133441E-002  -1.5525507592321615E-002
  0.47833333333333161        5.7620238897668680E-002   7.2359288037635583E-003  -5.6708875771639938E-002  -1.4357580003332579E-002
  0.47999999999999826        5.7638436207215545E-002   6.6357270132482958E-003  -5.6871861963713431E-002  -1.3183354707072874E-002
  0.48166666666666491        5.7655053372765316E-002   6.0347975405539225E-003  -5.7020816319223379E-002  -1.2003346757415481E-002
  0.48333333333333156        5.7670089938762346E-002   5.4332062843630256E-003  -5.7155702087075322E-002  -1.0818073744695539E-002
  0.48499999999999821        5.7683545492982768E-002   4.8310192159302075E-003  -5.7276485987278337E-002  -9.6280555686781861E-003
  0.48666666666666486        5.7695419666545775E-002   4.2283023718475855E-003  -5.7383138219156159E-002  -8.4338142105133979E-003
  0.48833333333333151        5.7705712133923726E-002   3.6251218468031469E-003  -5.7475632468699814E-002  -7.2358735037778826E-003
  0.48999999999999816        5.7714422612951059E-002   3.0215437863327145E-003  -5.7553945915059981E-002  -6.0347589047044115E-003
  0.49166666666666481        5.7721550864832084E-002   2.4176343795663463E-003  -5.7618059236177528E-002  -4.8309972616994339E-003
  0.49333333333333146        5.7727096694147481E-002   1.8134598519699541E-003  -5.7667956613550779E-002  -3.6251165842500115E-003
  0.49499999999999811        5.7731059948859638E-002   1.2090864580829317E-003  -5.7703625736138388E-002  -2.4176458113214739E-003
  0.49666666666666476        5.7733440520316891E-002   6.0458047425260189E-004  -5.7725057803396804E-002  -1.2091145793473789E-003
  0.49833333333333141        5.7734238343256437E-002   8.1913662670139063E-009  -5.7732247527451597E-002  -5.2989913532391510E-008
  0.49999999999999806        5.7733453395806142E-002  -6.0456409241833246E-004  -5.7725193134402115E-002   1.2090086227620177E-003
  0.50166666666666471        5.7731085699485159E-002  -1.2090700789433573E-003  -5.7703896364759165E-002   2.4175399244510290E-003
  0.50333333333333141        5.7727135319203322E-002  -1.8134434773212093E-003  -5.7668362473015586E-002   3.6250108135371176E-003
  0.50499999999999812        5.7721602363259371E-002  -2.4176180112040740E-003  -5.7618600226349813E-002   4.8308916535357805E-003
  0.50666666666666482        5.7714486983337948E-002  -3.0215274260518674E-003  -5.7554621902462764E-002   6.0346535054103898E-003
  0.50833333333333153        5.7705789374505524E-002  -3.6251054963977922E-003  -5.7476443286548620E-002   7.2357683595822746E-003
  0.50999999999999823        5.7695509775204962E-002  -4.2282860331107064E-003  -5.7384083667400193E-002   8.4337093675330987E-003
  0.51166666666666494        5.7683648467249035E-002  -4.8310028906535084E-003  -5.7277565832649813E-002   9.6279510728979716E-003
  0.51333333333333164        5.7670205775812673E-002  -5.4331899743367360E-003  -5.7156916063147052E-002   1.0817969641947905E-002
  0.51499999999999835        5.7655182069424049E-002  -6.0347812475665969E-003  -5.7022164126474470E-002   1.2003243093360533E-002
  0.51666666666666505        5.7638577759954512E-002  -6.6357107390866222E-003  -5.6873343269603201E-002   1.3183251527178310E-002
  0.51833333333333176        5.7620393302607237E-002  -7.2359125502121603E-003  -5.6710490210689968E-002   1.4357477352853740E-002
  0.51999999999999846        5.7600629195904807E-002  -7.8353208620569065E-003  -5.6533645130017740E-002   1.5525405516281635E-002
  0.52166666666666517        5.7579285981675478E-002  -8.4338699427506849E-003  -5.6342851660082162E-002   1.6686523725718799E-002
  0.52333333333333187        5.7556364245038384E-002  -9.0314941546476932E-003  -5.6138156874826213E-002   1.7840322676492062E-002
  0.52499999999999858        5.7531864614387487E-002  -9.6281279615244020E-003  -5.5919611278025805E-002   1.8986296274396068E-002
  0.52666666666666528        5.7505787761374327E-002  -1.0223705935766346E-002  -5.5687268790829123E-002   2.0123941857682855E-002
  0.52833333333333199        5.7478134400889593E-002  -1.0818162765542996E-002  -5.5441186738452795E-002   2.1252760417545851E-002
  0.52999999999999869        5.7448905291043600E-002  -1.1411433261969932E-002  -5.5181425836038210E-002   2.2372256817001564E-002
  0.53166666666666540        5.7418101233145419E-002  -1.2003452366257552E-002  -5.4908050173671452E-002   2.3481940008072966E-002
  0.53333333333333210        5.7385723071680966E-002  -1.2594155156845480E-002  -5.4621127200570496E-002   2.4581323247179283E-002
  0.53499999999999881        5.7351771694289809E-002  -1.3183476856521967E-002  -5.4320727708443692E-002   2.5669924308637793E-002
  0.53666666666666551        5.7316248031740888E-002  -1.3771352839527427E-002  -5.4006925814023485E-002   2.6747265696183842E-002
  0.53833333333333222        5.7279153057906936E-002  -1.4357718638641390E-002  -5.3679798940779844E-002   2.7812874852416469E-002
  0.53999999999999893        5.7240487789737830E-002  -1.4942509952252046E-002  -5.3339427799817742E-002   2.8866284366077601E-002
  0.54166666666666563        5.7200253287232689E-002  -1.5525662651407649E-002  -5.2985896369963530E-002   2.9907032177074040E-002
  0.54333333333333234        5.7158450653410811E-002  -1.6107112786848985E-002  -5.2619291877045123E-002   3.0934661779152228E-002
  0.54499999999999904        5.7115081034281444E-002  -1.6686796596022110E-002  -5.2239704772370957E-002   3.1948722420136931E-002
  0.54666666666666575        5.7070145618812351E-002  -1.7264650510070648E-002  -5.1847228710413230E-002   3.2948769299645950E-002
  0.54833333333333245        5.7023645638897266E-002  -1.7840611160806825E-002  -5.1441960525700756E-002   3.3934363764194245E-002
  0.54999999999999916        5.6975582369322042E-002  -1.8414615387660514E-002  -5.1024000208927285E-002   3.4905073499601785E-002
  0.55166666666666586        5.6925957127729777E-002  -1.8986600244605474E-002  -5.0593450882281066E-002   3.5860472720620776E-002
  0.55333333333333257        5.6874771274584623E-002  -1.9556503007062132E-002  -5.0150418774001781E-002   3.6800142357699080E-002
  0.55499999999999927        5.6822026213134577E-002  -2.0124261178776002E-002  -4.9695013192171157E-002   3.7723670240797945E-002
  0.55666666666666598        5.6767723389372915E-002  -2.0689812498671134E-002  -4.9227346497743699E-002   3.8630651280183323E-002
  0.55833333333333268        5.6711864291998620E-002  -2.1253094947677714E-002  -4.8747534076824181E-002   3.9520687644111582E-002
  0.55999999999999939        5.6654450452375542E-002  -2.1814046755533178E-002  -4.8255694312198720E-002   4.0393388933331609E-002
  0.56166666666666609        5.6595483444490412E-002  -2.2372606407555989E-002  -4.7751948554126560E-002   4.1248372352326750E-002
  0.56333333333333280        5.6534964884909701E-002  -2.2928712651391448E-002  -4.7236421090399640E-002   4.2085262877221558E-002
  0.56499999999999950        5.6472896432735308E-002  -2.3482304503728676E-002  -4.6709239115677433E-002   4.2903693420279575E-002
  0.56666666666666621        5.6409279789559057E-002  -2.4033321256988132E-002  -4.6170532700104502E-002   4.3703304990920157E-002
  0.56833333333333291        5.6344116699416066E-002  -2.4581702485978889E-002  -4.5620434757218734E-002   4.4483746853183480E-002
  0.56999999999999962        5.6277408948736937E-002  -2.5127388054524923E-002  -4.5059081011157902E-002   4.5244676679574963E-002
  0.57166666666666632        5.6209158366298750E-002  -2.5670318122059728E-002  -4.4486609963172843E-002   4.5985760701221311E-002
  0.57333333333333303        5.6139366823174976E-002  -2.6210433150188520E-002  -4.3903162857455422E-002   4.6706673854272567E-002
  0.57499999999999973        5.6068036232684124E-002  -2.6747673909217260E-002  -4.3308883646289729E-002   4.7407099922485797E-002
  0.57666666666666644        5.5995168550337357E-002  -2.7281981484647898E-002  -4.2703918954535174E-002   4.8086731675927974E-002
  0.57833333333333314        5.5920765773784818E-002  -2.7813297283638974E-002  -4.2088418043450121E-002   4.8745271005737119E-002
  0.57999999999999985        5.5844829942760896E-002  -2.8341563041431012E-002  -4.1462532773865038E-002   4.9382429054882652E-002
  0.58166666666666655        5.5767363139028317E-002  -2.8866720827735885E-002  -4.0826417568714357E-002   4.9997926344867633E-002
  0.58333333333333326        5.5688367486321055E-002  -2.9388713053089540E-002  -4.0180229374936087E-002   5.0591492898317200E-002
  0.58499999999999996        5.5607845150286092E-002  -2.9907482475167318E-002  -3.9524127624748759E-002   5.1162868357399527E-002
  0.58666666666666667        5.5525798338424102E-002  -3.0422972205061228E-002  -3.8858274196315136E-002   5.1711802098027386E-002
  0.58833333333333337        5.5442229300028879E-002  -3.0935125713518443E-002  -3.8182833373802474E-002   5.2238053339790071E-002
  0.59000000000000008        5.5357140326125702E-002  -3.1443886837140403E-002  -3.7497971806849148E-002   5.2741391251567647E-002
  0.59166666666666679        5.5270533749408518E-002  -3.1949199784541714E-002  -3.6803858469447649E-002   5.3221595052781061E-002
  0.59333333333333349        5.5182411944176002E-002  -3.2451009142468346E-002  -3.6100664618254091E-002   5.3678454110233781E-002
  0.59500000000000020        5.5092777326266447E-002  -3.2949259881874290E-002  -3.5388563750334535E-002   5.4111768030502445E-002
  0.59666666666666690        5.5001632352991540E-002  -3.3443897363956129E-002  -3.4667731560358572E-002   5.4521346747836021E-002
  0.59833333333333361        5.4908979523069029E-002  -3.3934867346144801E-002  -3.3938345897250588E-002   5.4907010607524891E-002
  0.60000000000000031        5.4814821376554156E-002  -3.4422115988053892E-002  -3.3200586720309684E-002   5.5268590444703350E-002
  0.60166666666666702        5.4719160494770075E-002  -3.4905589857383845E-002  -3.2454636054808757E-002   5.5605927658550838E-002
  0.60333333333333372        5.4621999500237085E-002  -3.5385235935781426E-002  -3.1700677947083922E-002   5.5918874281859522E-002
  0.60500000000000043        5.4523341056600685E-002  -3.5861001624653770E-002  -3.0938898419125286E-002   5.6207293045937572E-002
  0.60666666666666713        5.4423187868558626E-002  -3.6332834750936412E-002  -3.0169485422680248E-002   5.6471057440819719E-002
  0.60833333333333384        5.4321542681786676E-002  -3.6800683572814644E-002  -2.9392628792880685E-002   5.6710051770758697E-002
  0.61000000000000054        5.4218408282863423E-002  -3.7264496785397616E-002  -2.8608520201405460E-002   5.6924171204973228E-002
  0.61166666666666725        5.4113787499193849E-002  -3.7724223526344455E-002  -2.7817353109189803E-002   5.7113321823630221E-002
  0.61333333333333395        5.4007683198931816E-002  -3.8179813381441934E-002  -2.7019322718693228E-002   5.7277420659041102E-002
  0.61500000000000066        5.3900098290901421E-002  -3.8631216390132908E-002  -2.6214625925737776E-002   5.7416395732054190E-002
  0.61666666666666736        5.3791035724517308E-002  -3.9078383050995098E-002  -2.5403461270928452E-002   5.7530186083627158E-002
  0.61833333333333407        5.3680498489703743E-002  -3.9521264327169466E-002  -2.4586028890667848E-002   5.7618741801565593E-002
  0.62000000000000077        5.3568489616812674E-002  -3.9959811651737648E-002  -2.3762530467777061E-002   5.7682024042416201E-002
  0.62166666666666748        5.3455012176540681E-002  -4.0393976933047859E-002  -2.2933169181735033E-002   5.7720005048504781E-002
  0.62333333333333418        5.3340069279844748E-002  -4.0823712559988720E-002  -2.2098149658548654E-002   5.7732668160111675E-002
  0.62500000000000089        5.3223664077857009E-002  -4.1248971407210303E-002  -2.1257677920265953E-002   5.7720007822779265E-002
  0.62666666666666759        5.3105799761798335E-002  -4.1669706840291997E-002  -2.0411961334144833E-002   5.7682029589748343E-002
  0.62833333333333430        5.2986479562890883E-002  -4.2085872720856468E-002  -1.9561208561489962E-002   5.7618750119522270E-002
  0.63000000000000100        5.2865706752269474E-002  -4.2497423411629279E-002  -1.8705629506170302E-002   5.7530197168560018E-002
  0.63166666666666771        5.2743484640891937E-002  -4.2904313781443507E-002  -1.7845435262830157E-002   5.7416409579101255E-002
  0.63333333333333441        5.2619816579448343E-002  -4.3306499210188885E-002  -1.6980838064806332E-002   5.7277437262128889E-002
  0.63500000000000112        5.2494705958269126E-002  -4.3703935593704925E-002  -1.6112051231764429E-002   5.7113341175476437E-002
  0.63666666666666782        5.2368156207232175E-002  -4.4096579348617410E-002  -1.5239289117067059E-002   5.6924193297089934E-002
  0.63833333333333453        5.2240170795668749E-002  -4.4484387417117813E-002  -1.4362767054887033E-002   5.6710076593456019E-002
  0.64000000000000123        5.2110753232268422E-002  -4.4867317271685053E-002  -1.3482701307078565E-002   5.6471084983210136E-002
  0.64166666666666794        5.1979907064982865E-002  -4.5245326919749161E-002  -1.2599309009819584E-002   5.6207323295940678E-002
  0.64333333333333464        5.1847635880928583E-002  -4.5618374908296178E-002  -1.1712808120038326E-002   5.5918907226207314E-002
  0.64500000000000135        5.1713943306288576E-002  -4.5986420328413984E-002  -1.0823417361637425E-002   5.5605963282793547E-002
  0.64666666666666806        5.1578833006212917E-002  -4.6349422819778420E-002  -9.9313561715287761E-003   5.5268628733215773E-002
  0.64833333333333476        5.1442308684718309E-002  -4.6707342575079226E-002  -9.0368446454924724E-003   5.4907051543513247E-002
  0.65000000000000147        5.1304374084586490E-002  -4.7060140344385409E-002  -8.1401034838731873E-003   5.4521390313345311E-002
  0.65166666666666817        5.1165032987261660E-002  -4.7407777439449371E-002  -7.2413539371273886E-003   5.4111814206424337E-002
  0.65333333333333488        5.1024289212746814E-002  -4.7750215737949582E-002  -6.3408177512348264E-003   5.3678502876314982E-002
  0.65500000000000158        5.0882146619498997E-002  -4.8087417687671059E-002  -5.4387171129877711E-003   5.3221646387632215E-002
  0.65666666666666829        5.0738609104323547E-002  -4.8419346310623453E-002  -4.5352745951714726E-003   5.2741445132672683E-002
  0.65833333333333499        5.0593680602267231E-002  -4.8745965207096037E-002  -3.6307131016494027E-003   5.2238109743516122E-002
  0.66000000000000170        5.0447365086510418E-002  -4.9067238559649395E-002  -2.7252558123668025E-003   5.1711860999635130E-002
  0.66166666666666840        5.0299666568258114E-002  -4.9383131137043172E-002  -1.8191261282861112E-003   5.1162929731054033E-002
  0.66333333333333511        5.0150589096630005E-002  -4.9693608298099601E-002  -9.1254761626787049E-004   5.0591556717099272E-002
  0.66500000000000181        5.0000136758549460E-002  -4.9998635995502291E-002  -5.7439539106922210E-006   4.9997992580785626E-002
  0.66666666666666852        4.9848313678631496E-002  -5.0298180779529890E-002   9.0106112563609353E-004   4.9382497678884724E-002
  0.66833333333333522        4.9695124019069663E-002  -5.0592209801724249E-002   1.8076438888734981E-003   4.8745341987723990E-002
  0.67000000000000193        4.9540571979521990E-002  -5.0880690818492572E-002   2.7137806571540181E-003   4.8086804984766141E-002
  0.67166666666666863        4.9384661796995827E-002  -5.1163592194643351E-002   3.6192478618692473E-003   4.7407175526021153E-002
  0.67333333333333534        4.9227397745731677E-002  -5.1440882906855480E-002   4.5238220996103385E-003   4.6706751719344519E-002
  0.67500000000000204        4.9068784137086034E-002  -5.1712532547080331E-002   5.4272801872877075E-003   4.5985840793677353E-002
  0.67666666666666875        4.8908825319413207E-002  -5.1978511325876338E-002   6.3293992171963732E-003   4.5244758964285620E-002
  0.67833333333333545        4.8747525677946060E-002  -5.2238790075675716E-002   7.2299566120133611E-003   4.4483831294057724E-002
  0.68000000000000216        4.8584889634675846E-002  -5.2493340253983070E-002   8.1287301797135850E-003   4.3703391550921240E-002
  0.68166666666666886        4.8420921648230940E-002  -5.2742133946505350E-002   9.0254981683906711E-003   4.2903782061441298E-002
  0.68333333333333557        4.8255626213754628E-002  -5.2985143870212970E-002   9.9200393209691873E-003   4.2085353560664868E-002
  0.68500000000000227        4.8089007862781877E-002  -5.3222343376331742E-002   1.0812132929794787E-002   4.1248465038276859E-002
  0.68666666666666898        4.7921071163115073E-002  -5.3453706453265172E-002   1.1701558891088796E-002   4.0393483581135391E-002
  0.68833333333333568        4.7751820718698830E-002  -5.3679207729446940E-002   1.2588097759253810E-002   3.9520784212255418E-002
  0.69000000000000239        4.7581261169493759E-002  -5.3898822476123175E-002   1.3471530801016896E-002   3.8630749726311309E-002
  0.69166666666666909        4.7409397191349283E-002  -5.4112526610064250E-002   1.4351640049397039E-002   3.7723770521730482E-002
  0.69333333333333580        4.7236233495875406E-002  -5.4320296696205764E-002   1.5228208357483536E-002   3.6800244429451789E-002
  0.69500000000000250        4.7061774830313582E-002  -5.4522109950218479E-002   1.6101019452012054E-002   3.5860576538423811E-002
  0.69666666666666921        4.6886025977406570E-002  -5.4717944241006865E-002   1.6969857986725123E-002   3.4905179017919459E-002
  0.69833333333333591        4.6708991755267312E-002  -5.4907778093136017E-002   1.7834509595503926E-002   3.3934470936745009E-002
  0.70000000000000262        4.6530677017246815E-002  -5.5091590689186704E-002   1.8694760945258248E-002   3.2948878079422685E-002
  0.70166666666666933        4.6351086651801154E-002  -5.5269361872038208E-002   1.9550399788561573E-002   3.1948832759427573E-002
  0.70333333333333603        4.6170225582357401E-002  -5.5441072147078788E-002   2.0401215016018291E-002   3.0934773629560701E-002
  0.70500000000000274        4.5988098767178701E-002  -5.5606702684343486E-002   2.1246996708350119E-002   2.9907145489541456E-002
  0.70666666666666944        4.5804711199228292E-002  -5.5766235320579047E-002   2.2087536188188941E-002   2.8866399090903810E-002
  0.70833333333333615        4.5620067906032666E-002  -5.5919652561235725E-002   2.2922626071563153E-002   2.7812990939281839E-002
  0.71000000000000285        4.5434173949543716E-002  -5.6066937582385734E-002   2.3752060319064957E-002   2.6747383094171340E-002
  0.71166666666666956        4.5247034425999977E-002  -5.6208074232568225E-002   2.4575634286685896E-002   2.5670042966255299E-002
  0.71333333333333626        4.5058654465786892E-002  -5.6343047034560438E-002   2.5393144776308080E-002   2.4581443112382206E-002
  0.71500000000000297        4.4869039233296194E-002  -5.6471841187074955E-002   2.6204390085838716E-002   2.3482061028287041E-002
  0.71666666666666967        4.4678193926784321E-002  -5.6594442566382859E-002   2.7009170058975490E-002   2.2372378939145940E-002
  0.71833333333333638        4.4486123778229879E-002  -5.6710837727862527E-002   2.7807286134590593E-002   2.1252883588056343E-002
  0.72000000000000308        4.4292834053190226E-002  -5.6821013907474009E-002   2.8598541395721131E-002   2.0124066022535456E-002
  0.72166666666666979        4.4098330050657136E-002  -5.6924959023158722E-002   2.9382740618153925E-002   1.8986421379130640E-002
  0.72333333333333649        4.3902617102911490E-002  -5.7022661676164411E-002   3.0159690318592620E-002   1.7840448666236231E-002
  0.72500000000000320        4.3705700575377135E-002  -5.7114111152295130E-002   3.0929198802395294E-002   1.6686650545212008E-002
  0.72666666666666990        4.3507585866473748E-002  -5.7199297423086187E-002   3.1691076210870750E-002   1.5525533109899394E-002
  0.72833333333333661        4.3308278407468884E-002  -5.7278211146903860E-002   3.2445134568121800E-002   1.4357605664632020E-002
  0.73000000000000331        4.3107783662329049E-002  -5.7350843669969863E-002   3.3191187827424057E-002   1.3183380500838086E-002
  0.73166666666667002        4.2906107127569919E-002  -5.7417187027310246E-002   3.3929051917128715E-002   1.2003372672332469E-002
  0.73333333333333672        4.2703254332105645E-002  -5.7477233943628914E-002   3.4658544786078042E-002   1.0818099769397169E-002
  0.73500000000000343        4.2499230837097279E-002  -5.7530977834105435E-002   3.5379486448522367E-002   9.6280816917491668E-003
  0.73666666666667013        4.2294042235800348E-002  -5.7578412805117087E-002   3.6091699028527435E-002   8.4338404204952911E-003
  0.73833333333333684        4.2087694153411466E-002  -5.7619533654885244E-002   3.6795006803861281E-002   7.2358997891741241E-003
  0.74000000000000354        4.1880192246914145E-002  -5.7654335874045740E-002   3.7489236249349640E-002   6.0347852539853631E-003
  0.74166666666667025        4.1671542204923723E-002  -5.7682815646143408E-002   3.8174216079689384E-002   4.8310236633074335E-003
  0.74333333333333695        4.1461749747531397E-002  -5.7704969848050583E-002   3.8849777291709221E-002   3.6251430266044439E-003
  0.74500000000000366        4.1250820626147405E-002  -5.7720796050309581E-002   3.9515753206067421E-002   2.4176722828238529E-003
  0.74666666666667036        4.1038760623343357E-002  -5.7730292517399140E-002   4.0171979508376116E-002   1.2091410683864319E-003
  0.74833333333333707        4.0825575552693713E-002  -5.7733458207924727E-002   4.0818294289742138E-002   7.9484870294556043E-008
  0.75000000000000377        4.0611271258616390E-002  -5.7730292774732732E-002   4.1454538086714371E-002  -1.2089821335091065E-003
  0.75166666666667048        4.0395853616212549E-002  -5.7720796564948537E-002   4.2080553920627699E-002  -2.4175134525210272E-003
  0.75333333333333719        4.0179328531105563E-002  -5.7704970619938470E-002   4.2696187336333929E-002  -3.6249843705414859E-003
  0.75500000000000389        3.9961701939279025E-002  -5.7682816675195585E-002   4.3301286440310081E-002  -4.8308652510732865E-003
  0.75666666666667060        3.9742979806914124E-002  -5.7654337160149359E-002   4.3895701938134656E-002  -6.0346271550620230E-003
  0.75833333333333730        3.9523168130226008E-002  -5.7619535197899273E-002   4.4479287171322629E-002  -7.2357420729061653E-003
  0.76000000000000401        3.9302272935299414E-002  -5.7578414604872313E-002   4.5051898153510087E-002  -8.4336831560594492E-003
  0.76166666666667071        3.9080300277923502E-002  -5.7530979890404496E-002   4.5613393605979602E-002  -9.6279249481239972E-003
  0.76333333333333742        3.8857256243425786E-002  -5.7477236256246331E-002   4.6163634992517508E-002  -1.0817943615332792E-002
  0.76500000000000412        3.8633146946505333E-002  -5.7417189595992402E-002   4.6702486553594595E-002  -1.2003217176320413E-002
  0.76666666666667083        3.8407978531065132E-002  -5.7350846494435087E-002   4.7229815339861626E-002  -1.3183225731081247E-002
  0.76833333333333753        3.8181757170043643E-002  -5.7278214226842414E-002   4.7745491244951636E-002  -1.4357451689014752E-002
  0.77000000000000424        3.7954489065245581E-002  -5.7199300758160314E-002   4.8249387037580631E-002  -1.5525379995957723E-002
  0.77166666666667094        3.7726180447171909E-002  -5.7114114742139115E-002   4.8741378392939072E-002  -1.6686498360104021E-002
  0.77333333333333765        3.7496837574848993E-002  -5.7022665520384590E-002   4.9221343923366162E-002  -1.7840297476712612E-002
  0.77500000000000435        3.7266466735657040E-002  -5.6924963121333536E-002   4.9689165208299489E-002  -1.8986271251505402E-002
  0.77666666666667106        3.7035074245157722E-002  -5.6821018259154046E-002   5.0144726823492615E-002  -2.0123917022656833E-002
  0.77833333333333776        3.6802666446921040E-002  -5.6710842332570587E-002   5.0587916369493363E-002  -2.1252735781277936E-002
  0.78000000000000447        3.6569249712351419E-002  -5.6594447423613983E-002   5.1018624499375831E-002  -2.2372232390298032E-002
  0.78166666666667117        3.6334830440513027E-002  -5.6471846296296493E-002   5.1436744945719259E-002  -2.3481915801648170E-002
  0.78333333333333788        3.6099415057954359E-002  -5.6343052395212118E-002   5.1842174546827081E-002  -2.4581299271650963E-002
  0.78500000000000458        3.5863010018532045E-002  -5.6208079844062189E-002   5.2234813272179742E-002  -2.5669900574522404E-002
  0.78666666666667129        3.5625621803233906E-002  -5.6066943444106628E-002   5.2614564247114928E-002  -2.6747242213891950E-002
  0.78833333333333799        3.5387256920001317E-002  -5.5919658672540742E-002   5.2981333776729200E-002  -2.7812851632248177E-002
  0.79000000000000470        3.5147921903550768E-002  -5.5766241680798030E-002   5.3335031368995096E-002  -2.8866261418218041E-002
  0.79166666666667140        3.4907623315194723E-002  -5.5606709292778972E-002   5.3675569757087906E-002  -2.9907009511588895E-002
  0.79333333333333811        3.4666367742661720E-002  -5.5441079003006086E-002   5.4002864920916861E-002  -3.0934639405983334E-002
  0.79500000000000481        3.4424161799915809E-002  -5.5269368974705503E-002   5.4316836107855121E-002  -3.1948700349097886E-002
  0.79666666666667152        3.4181012126975212E-002  -5.5091598037815111E-002   5.4617405852663670E-002  -3.2948747540417843E-002
  0.79833333333333822        3.3936925389730289E-002  -5.4907785686919688E-002   5.4904499996604066E-002  -3.3934342326321393E-002
  0.80000000000000493        3.3691908279760791E-002  -5.4717952079113057E-002   5.5178047705735492E-002  -3.4905052392487541E-002
  0.80166666666667163        3.3445967514152401E-002  -5.4522118031787671E-002   5.5437981488391332E-002  -3.5860451953523415E-002
  0.80333333333333834        3.3199109835312629E-002  -5.4320305020351713E-002   5.5684237211831251E-002  -3.6800121939727738E-002
  0.80500000000000504        3.2951342010785929E-002  -5.4112535175874131E-002   5.5916754118064502E-002  -3.7723650180908605E-002
  0.80666666666667175        3.2702670833068187E-002  -5.3898831282657662E-002   5.6135474838840516E-002  -3.8630631587174918E-002
  0.80833333333333846        3.2453103119420491E-002  -5.3679216775740307E-002   5.6340345409803282E-002  -3.9520668326622120E-002
  0.81000000000000516        3.2202645711682264E-002  -5.3453715738325400E-002   5.6531315283805769E-002  -4.0393369999834373E-002
  0.81166666666667187        3.1951305476083658E-002  -5.3222352899140624E-002   5.6708337343381314E-002  -4.1248353811126598E-002
  0.81333333333333857        3.1699089303057357E-002  -5.2985153629726230E-002   5.6871367912368763E-002  -4.2085244736451262E-002
  0.81500000000000528        3.1446004107049667E-002  -5.2742143941652754E-002   5.7020366766688590E-002  -4.2903675687896291E-002
  0.81666666666667198        3.1192056826330933E-002  -5.2493350483668558E-002   5.7155297144267252E-002  -4.3703287674701878E-002
  0.81833333333333869        3.0937254422805368E-002  -5.2238800538777483E-002   5.7276125754107406E-002  -4.4483729960725679E-002
  0.82000000000000539        3.0681603881820150E-002  -5.1978522021246996E-002   5.7382822784501700E-002  -4.5244660218287228E-002
  0.82166666666667210        3.0425112211973956E-002  -5.1712543473547035E-002   5.7475361910388142E-002  -4.5985744678324093E-002
  0.82333333333333880        3.0167786444924814E-002  -5.1440894063220020E-002   5.7553720299845200E-002  -4.6706658276794037E-002
  0.82500000000000551        2.9909633635197323E-002  -5.1163603579682318E-002   5.7617878619725046E-002  -4.7407084797258761E-002
  0.82666666666667221        2.9650660859989259E-002  -5.0880702430957485E-002   5.7667821040423596E-002  -4.8086717009586853E-002
  0.82833333333333892        2.9390875218977555E-002  -5.0592221640341675E-002   5.7703535239786087E-002  -4.8745256804715045E-002
  0.83000000000000562        2.9130283834123680E-002  -5.0298192843001605E-002   5.7725012406147302E-002  -4.9382415325408664E-002
  0.83166666666667233        2.8868893849478352E-002  -4.9998648282505408E-002   5.7732247240505616E-002  -4.9997913092963933E-002
  0.83333333333333903        2.8606712430985740E-002  -4.9693620807286724E-002   5.7725237957830466E-002  -5.0591480129796508E-002
  0.83500000000000574        2.8343746766286967E-002  -4.9383143867042539E-002   5.7703986287502687E-002  -5.1162856077862535E-002
  0.83666666666667244        2.8080004064523083E-002  -4.9067251509065025E-002   5.7668497472887888E-002  -5.1711790312860308E-002
  0.83833333333333915        2.7815491556137422E-002  -4.8745978374507906E-002   5.7618780270042746E-002  -5.2238042054162263E-002
  0.84000000000000585        2.7550216492677391E-002  -4.8419359694587605E-002   5.7554846945554655E-002  -5.2741380470429360E-002
  0.84166666666667256        2.7284186146595651E-002  -4.8087431286719814E-002   5.7476713273515216E-002  -5.3221584780861260E-002
  0.84333333333333926        2.7017407811050765E-002  -4.7750229550591647E-002   5.7384398531628349E-002  -5.3678444352038057E-002
  0.84500000000000597        2.6749888799707244E-002  -4.7407791464170061E-002   5.7277925496453955E-002  -5.4111758790311076E-002
  0.84666666666667267        2.6481636446535048E-002  -4.7060154579646761E-002   5.7157320437788331E-002  -5.4521338029702049E-002
  0.84833333333333938        2.6212658105608543E-002  -4.6707357019320203E-002   5.7022613112182659E-002  -5.4907002415272389E-002
  0.85000000000000608        2.5942961150904855E-002  -4.6349437471415053E-002   5.6873836755601301E-002  -5.5268582781925701E-002
  0.85166666666667279        2.5672552976101749E-002  -4.5986435185839579E-002   5.6711028075221541E-002  -5.5605920528609194E-002
  0.85333333333333949        2.5401440994374917E-002  -4.5618389969881455E-002   5.6534227240376961E-002  -5.5918867687881305E-002
  0.85500000000000620        2.5129632638194749E-002  -4.5245342183842470E-002   5.6343477872646562E-002  -5.6207286990815120E-002
  0.85666666666667290        2.4857135359122578E-002  -4.4867332736612531E-002   5.6138827035092105E-002  -5.6471051927209005E-002
  0.85833333333333961        2.4583956627606384E-002  -4.4484403081183552E-002   5.5920325220646404E-002  -5.6710046801078190E-002
  0.86000000000000631        2.4310103932776019E-002  -4.4096595210103701E-002   5.5688026339655361E-002  -5.6924166781402774E-002
  0.86166666666667302        2.4035584782237863E-002  -4.3703951650872382E-002   5.5441987706576747E-002  -5.7113317948110136E-002
  0.86333333333333973        2.3760406701869036E-002  -4.3306515461276673E-002   5.5182270025839239E-002  -5.7277417333271324E-002
  0.86500000000000643        2.3484577235611048E-002  -4.2904330224669530E-002   5.4908937376864940E-002  -5.7416392957493519E-002
  0.86666666666667314        2.3208103945263008E-002  -4.2497440045190370E-002   5.4622057198259279E-002  -5.7530183861492598E-002
  0.86833333333333984        2.2930994410274297E-002  -4.2085889542928585E-002   5.4321700271172009E-002  -5.7618740132831858E-002
  0.87000000000000655        2.2653256227536809E-002  -4.1669723849030421E-002   5.4007940701833644E-002  -5.7682022927815248E-002
  0.87166666666667325        2.2374897011176655E-002  -4.1248988600749853E-002   5.3680855903271395E-002  -5.7720004488525510E-002
  0.87333333333333996        2.2095924392345433E-002  -4.0823729936443939E-002   5.3340526576209260E-002  -5.7732668154999715E-002
  0.87500000000000666        2.1816346019011029E-002  -4.0393994490513251E-002   5.2987036689156976E-002  -5.7720008372536845E-002
  0.87666666666667337        2.1536169555747942E-002  -3.9959829388287842E-002   5.2620473457692704E-002  -5.7682030694134336E-002
  0.87833333333334007        2.1255402683527162E-002  -3.9521282240859476E-002   5.2240927322944566E-002  -5.7618751778052243E-002
  0.88000000000000678        2.0974053099505605E-002  -3.9078401139860497E-002   5.1848491929276347E-002  -5.7530199380506485E-002
  0.88166666666667348        2.0692128516815091E-002  -3.8631234652190059E-002   5.1443264101182912E-002  -5.7416412343493990E-002
  0.88333333333334019        2.0409636664350889E-002  -3.8179831814688217E-002   5.1025343819400909E-002  -5.7277440577755336E-002
  0.88500000000000689        2.0126585286559830E-002  -3.7724242128758488E-002   5.0594834196240883E-002  -5.7113345040882252E-002
  0.88666666666667360        1.9842982143228011E-002  -3.7264515554939426E-002   5.0151841450146575E-002  -5.6924197710579619E-002
  0.88833333333334030        1.9558835009268034E-002  -3.6800702507425967E-002   4.9696474879488001E-002  -5.6710081553093684E-002
  0.89000000000000701        1.9274151674505888E-002  -3.6332853848540868E-002   4.9228846835594538E-002  -5.6471090486820315E-002
  0.89166666666667371        1.8988939943467373E-002  -3.5861020883157110E-002   4.8749072695034826E-002  -5.6207329341109301E-002
  0.89333333333334042        1.8703207635164150E-002  -3.5385255353071764E-002   4.8257270831150181E-002  -5.5918913810282786E-002
  0.89500000000000712        1.8416962582879375E-002  -3.4905609431331870E-002   4.7753562584848683E-002  -5.5605970402887867E-002
  0.89666666666667383        1.8130212633952963E-002  -3.4422135716513119E-002   4.7238072234667118E-002  -5.5268636386205834E-002
  0.89833333333334053        1.7842965649566452E-002  -3.3934887226951801E-002   4.6710926966108006E-002  -5.4907059726042200E-002
  0.90000000000000724        1.7555229504527488E-002  -3.3443917394930765E-002   4.6172256840259530E-002  -5.4521399021824020E-002
  0.90166666666667394        1.7267012087053935E-002  -3.2949280060819951E-002   4.5622194761705911E-002  -5.4111823437032983E-002
  0.90333333333334065        1.6978321298557635E-002  -3.2451029467172210E-002   4.5060876445736205E-002  -5.3678512625004719E-002
  0.90500000000000735        1.6689165053427768E-002  -3.1949220252774968E-002   4.4488440384859683E-002  -5.3221656650126931E-002
  0.90666666666667406        1.6399551278813915E-002  -3.1443907446658488E-002   4.3905027814635927E-002  -5.2741455904470928E-002
  0.90833333333334076        1.6109487914408707E-002  -3.0935146462061316E-002   4.3310782678828208E-002  -5.2238121019893023E-002
  0.91000000000000747        1.5818982912230179E-002  -3.0422993090353592E-002   4.2705851593888608E-002  -5.1711872775644499E-002
  0.91166666666667417        1.5528044236403754E-002  -2.9907503494918889E-002   4.2090383812783759E-002  -5.1162942001530522E-002
  0.91333333333334088        1.5236679862943922E-002  -2.9388734204995281E-002   4.1464531188170076E-002  -5.0591569476660651E-002
  0.91500000000000759        1.4944897779535567E-002  -2.8866742109476276E-002   4.0828448134927579E-002  -4.9998005823835137E-002
  0.91666666666667429        1.4652705985314988E-002  -2.8341584450672284E-002   4.0182291592061534E-002  -4.9382511399613520E-002
  0.91833333333334100        1.4360112490650615E-002  -2.7813318818033381E-002   3.9526220983981321E-002  -4.8745356180113705E-002
  0.92000000000000770        1.4067125316923402E-002  -2.7282003141833971E-002   3.8860398181166107E-002  -4.8086819642591525E-002
  0.92166666666667441        1.3773752496306914E-002  -2.6747695686820068E-002   3.8184987460226964E-002  -4.7407190642852794E-002
  0.92333333333334111        1.3480002071547136E-002  -2.6210455045819918E-002   3.7500155463375401E-002  -4.6706767288551693E-002
  0.92500000000000782        1.3185882095741982E-002  -2.5670340133318637E-002   3.6806071157308148E-002  -4.5985856808430890E-002
  0.92666666666667452        1.2891400632120518E-002  -2.5127410178997577E-002   3.6102905791518515E-002  -4.5244775417560917E-002
  0.92833333333334123        1.2596565753821915E-002  -2.4581724721239116E-002   3.5390832856044434E-002  -4.4483848178637833E-002
  0.93000000000000793        1.2301385543674119E-002  -2.4033343600597602E-002   3.4670028038663772E-002  -4.3703408859400029E-002
  0.93166666666667464        1.2005868093972272E-002  -2.3482326953237181E-002   3.3940669181547402E-002  -4.2903799786226701E-002
  0.93333333333334134        1.1710021506256850E-002  -2.2928735204337167E-002   3.3202936237380611E-002  -4.2085371693982215E-002
  0.93500000000000805        1.1413853891091579E-002  -2.2372629061465761E-002   3.2457011224963979E-002  -4.1248483572172270E-002
  0.93666666666667475        1.1117373367841068E-002  -2.1814069507922761E-002   3.1703078184304304E-002  -4.0393502507479292E-002
  0.93833333333334146        1.0820588064448231E-002  -2.1253117796052080E-002   3.0941323131206962E-002  -3.9520803522746097E-002
  0.94000000000000816        1.0523506117211454E-002  -2.0689835440524718E-002   3.0171934011380745E-002  -3.8630769412478547E-002
  0.94166666666667487        1.0226135670561548E-002  -2.0124284211592992E-002   2.9395100654066506E-002  -3.7723790574939277E-002
  0.94333333333334157        9.9284848768384625E-003  -1.9556526128316740E-002   2.8611014725201164E-002  -3.6800264840906143E-002
  0.94500000000000828        9.6305618960677956E-003  -1.8986623451762216E-002   2.7819869680128458E-002  -3.5860597299170585E-002
  0.94666666666667498        9.3323748957370896E-003  -1.8414638678174482E-002   2.7021860715868280E-002  -3.4905200118852314E-002
  0.94833333333334169        9.0339320505719196E-003  -1.7840634532123978E-002   2.6217184722956227E-002  -3.3934492368608377E-002
  0.95000000000000839        8.7352415423117870E-003  -1.7264673959628076E-002   2.5406040236865369E-002  -3.2948899832815841E-002
  0.95166666666667510        8.4363115594858155E-003  -1.6686820121248325E-002   2.4588627389022132E-002  -3.1948854824808769E-002
  0.95333333333334180        8.1371502971882715E-003  -1.6107136385164207E-002   2.3765147857428427E-002  -3.0934795997251328E-002
  0.95500000000000851        7.8377659568538861E-003  -1.5525686320224077E-002   2.2935804816902203E-002  -2.9907168149730313E-002
  0.95666666666667521        7.5381667460330303E-003  -1.4942533688974144E-002   2.2100802888948681E-002  -2.8866422033651390E-002
  0.95833333333334192        7.2383608781666888E-003  -1.4357742440666184E-002   2.1260348091274667E-002  -2.7813014154524699E-002
  0.96000000000000862        6.9383565723613082E-003  -1.3771376704244781E-002   2.0414647786958361E-002  -2.6747406571726508E-002
  0.96166666666667533        6.6381620531634584E-003  -1.3183500781314864E-002   1.9563910633287256E-002  -2.5670066695824747E-002
  0.96333333333334203        6.3377855503343678E-003  -1.2594179139090320E-002   1.8708346530276698E-002  -2.4581467083557365E-002
  0.96500000000000874        6.0372352986243008E-003  -1.2003476403324432E-002   1.7848166568881833E-002  -2.3482085230553368E-002
  0.96666666666667544        5.7365195375468046E-003  -1.1411457351222941E-002   1.6983582978915737E-002  -2.2372403361887519E-002
  0.96833333333334215        5.4356465111528307E-003  -1.0818186904340497E-002   1.6114809076686529E-002  -2.1252908220560553E-002
  0.97000000000000886        5.1346244678047159E-003  -1.0223730121461270E-002   1.5242059212366432E-002  -2.0124090853997675E-002
  0.97166666666667556        4.8334616599500675E-003  -9.6281521914645379E-003   1.4365548717105762E-002  -1.8986446398658971E-002
  0.97333333333334227        4.5321663438955134E-003  -9.0315184261759753E-003   1.3485493849904856E-002  -1.7840473862856282E-002
  0.97500000000000897        4.2307467795803643E-003  -8.4338942532054904E-003   1.2602111744257100E-002  -1.6686675907871717E-002
  0.97666666666667568        3.9292112303501671E-003  -7.8353452087723402E-003   1.1715620354576180E-002  -1.5525558627473859E-002
  0.97833333333334238        3.6275679627301668E-003  -7.2359369305183543E-003   1.0826238402420802E-002  -1.4357631325928396E-002
  0.98000000000000909        3.3258252461986844E-003  -6.6357351503100234E-003   9.9341853225301154E-003  -1.3183406294600481E-002
  0.98166666666667579        3.0239913529604076E-003  -6.0348056870302607E-003   9.0396812086832052E-003  -1.2003398587246892E-002
  0.98333333333334250        2.7220745577196115E-003  -5.4332144393606230E-003   8.1429467593959540E-003  -1.0818125794096484E-002
  0.98500000000000920        2.4200831374533100E-003  -4.8310273785547751E-003   7.2442032234687160E-003  -9.6281078148180849E-003
  0.98666666666667591        2.1180253711843454E-003  -4.2283105412040008E-003   6.3436723453982090E-003  -8.4338666304753732E-003
  0.98833333333334261        1.8159095397544183E-003  -3.6251300219955476E-003   5.4415763106671162E-003  -7.2359260745688096E-003
  0.99000000000000932        1.5137439255970733E-003  -3.0215519664645984E-003   4.5381376909248775E-003  -6.0348116032650136E-003
  0.99166666666667602        1.2115368125106356E-003  -2.4176425637406707E-003   3.6335793890732047E-003  -4.8310500649143863E-003
  0.99333333333334273        9.0929648543111390E-004  -1.8134680392892313E-003   2.7281245842698649E-003  -3.6251694689580860E-003
  0.99500000000000943        6.0703123020507121E-004  -1.2090946476493304E-003   1.8219966768643087E-003  -2.4176987543256968E-003
  0.99666666666667614        3.0474933336246875E-004  -6.0458866516804356E-004   9.1541923327872479E-004  -1.2091675574252053E-003
  0.99833333333334284        2.4590818894943997E-006  -1.6382732525768632E-008   8.6159308481131010E-006  -1.0597982703331990E-007
