   0.0000000000000000       0.53497782725187271     
   4.6127335380307742E-002  0.53486777735140156     
   9.2254670760615484E-002  0.53486725555493664     
  0.13838200614092322       0.53486470968084721     
  0.18450934152123097       0.53486175900072352     
  0.23063667690153872       0.53485812225580243     
  0.27676401228184644       0.53485345516430782     
  0.32289134766215416       0.53484728112177937     
  0.36901868304246188       0.53483892256749299     
  0.41514601842276960       0.53482739793988321     
  0.46127335380307732       0.53481126918165023     
  0.50740068918338510       0.53478842099710266     
  0.55352802456369288       0.53475575341499648     
  0.59965535994400065       0.53470878058010396     
  0.64578269532430843       0.53464116472321777     
  0.69191003070461621       0.53454429656966462     
  0.73803736608492398       0.53440718715384350     
  0.78416470146523176       0.53421716804296959     
  0.83029203684553954       0.53396214186165147     
  0.87641937222584732       0.53363515777126669     
  0.92254670760615509       0.53324147182193848     
  0.96867404298646287       0.53280653304809111     
   1.0148013783667706       0.53238071098478335     
   1.0609287137470784       0.53203483237808147     
   1.1070560491273862       0.53184286743206199     
   1.1531833845076940       0.53185582757604921     
   1.1993107198880018       0.53207968337687528     
   1.2454380552683095       0.53247108112893760     
   1.2915653906486173       0.53295422115733904     
   1.3376927260289251       0.53344859122059518     
   1.3838200614092329       0.53389228264095023     
   1.4299473967895406       0.53425191013915474     
   1.4760747321698484       0.53451995255668383     
   1.5222020675501562       0.53470576912778167     
   1.5683294029304640       0.53482627115664416     
   1.6144567383107717       0.53489930630668048     
   1.6605840736910795       0.53494019934506043     
   1.7067114090713873       0.53496062366382968     
   1.7528387444516951       0.53496876797894866     
   1.7989660798320029       0.53497002391166315     
   1.8450934152123106       0.53496775403621932     
   1.8912207505926184       0.53496394745509934     
   1.9373480859729262       0.53495971123468788     
   1.9834754213532340       0.53495561044822593     
   2.0296027567335417       0.53495189044203661     
   2.0757300921138495       0.53494861557048334     
   2.1218574274941573       0.53494575204991635     
   2.1679847628744651       0.53494321484973584     
   2.2141120982547728       0.53494089195253636     
   2.2602394336350806       0.53493865437034438     
   2.3063667690153884       0.53493635679209695     
   2.3524941043956962       0.53493383125037008     
   2.3986214397760039       0.53493087431924635     
   2.4447487751563117       0.53492722672208548     
   2.4908761105366195       0.53492254250989235     
   2.5370034459169273       0.53491634286544032     
   2.5831307812972351       0.53490794683013554     
   2.6292581166775428       0.53489636769994064     
   2.6753854520578506       0.53488015973166192     
   2.7215127874381584       0.53485719633193274     
   2.7676401228184662       0.53482436133836930     
   2.8137674581987739       0.53477714659713893     
   2.8598947935790817       0.53470918553266733     
   2.9060221289593895       0.53461183552361213     
   2.9521494643396973       0.53447407671710745     
   2.9982767997200050       0.53428322783937721     
   3.0444041351003128       0.53402722358968213     
   3.0905314704806206       0.53369922558818206     
   3.1366588058609284       0.53330471173173710     
   3.1827861412412362       0.53286945338083180     
   3.2289134766215439       0.53244415982159676     
   3.2750408120018517       0.53209985350499200     
   3.3211681473821595       0.53191038579680516     
   3.3672954827624673       0.53192628501610728     
   3.4134228181427750       0.53215283178747486     
   3.4595501535230828       0.53254607246557406     
   3.5056774889033906       0.53302994132468751     
   3.5518048242836984       0.53352403691396866     
   3.5979321596640061       0.53396679700994409     
   3.6440594950443139       0.53432522398328275     
   3.6901868304246217       0.53459209215073267     
   3.7363141658049295       0.53477692320107884     
   3.7824415011852373       0.53489668011237645     
   3.8285688365655450       0.53496919500363438     
   3.8746961719458528       0.53500974815648805     
   3.9208235073261606       0.53502996373980272     
   3.9669508427064684       0.53503798807220082     
   4.0130781780867757       0.53503918067379630     
   4.0592055134670835       0.53503688174260833     
   4.1053328488473912       0.53503306569760722     
   4.1514601842276990       0.53502883043315574     
   4.1975875196080068       0.53502473554832619     
   4.2437148549883146       0.53502102327794421     
   4.2898421903686224       0.53501775631448667     
   4.3359695257489301       0.53501490006879460     
   4.3820968611292379       0.53501236919076467     
   4.4282241965095457       0.53501005160633652     
   4.4743515318898535       0.53500781840434797     
   4.5204788672701612       0.53500552441300275     
   4.5666062026504690       0.53500300183171956     
   4.6127335380307768       0.53500004741716278     
   4.6588608734110846       0.53499640209545851     
   4.7049882087913923       0.53499172015906182     
   4.7511155441717001       0.53498552310476144     
   4.7972428795520079       0.53497713041411465     
   4.8433702149323157       0.53496555602926632     
   4.8894975503126235       0.53494935517274145     
   4.9356248856929312       0.53492640268703529     
   4.9817522210732390       0.53489358449289237     
   5.0278795564535468       0.53484639532531586     
   5.0740068918338546       0.53477847232795139     
   5.1201342272141623       0.53468117708712004     
   5.1662615625944701       0.53454349335083606     
   5.2123888979747779       0.53435274050148829     
   5.2585162333550857       0.53409684706312488     
   5.3046435687353934       0.53376895677581215     
   5.3507709041157012       0.53337451450521334     
   5.3968982394960090       0.53293924607335241     
   5.4430255748763168       0.53251381632684369     
   5.4891529102566246       0.53216922844567238     
   5.5352802456369323       0.53197936276846980     
   5.5814075810172401       0.53199482781557716     
   5.6275349163975479       0.53222100800017769     
   5.6736622517778557       0.53261403187631018     
   5.7197895871581634       0.53309786115058311     
   5.7659169225384712       0.53359206570918138     
   5.8120442579187790       0.53403502341435549     
   5.8581715932990868       0.53439367546945482     
   5.9042989286793945       0.53466075250308875     
   5.9504262640597023       0.53484575424618319     
   5.9965535994400101       0.53496563866187130     
   6.0426809348203179       0.53503824251367904     
   6.0888082702006256       0.53507885443501824     
   6.1349356055809334       0.53509910709055553     
   6.1810629409612412       0.53510715385897267     
   6.2271902763415490       0.53510835951108171     
   6.2733176117218568       0.53510606788040782     
   6.3194449471021645       0.53510225578141801     
   6.3655722824824723       0.53509802263360773     
   6.4116996178627801       0.53509392898802299     
   6.4578269532430879       0.53509021767443354     
   6.5039542886233956       0.53508695177209886     
   6.5500816240037034       0.53508409697099291     
   6.5962089593840112       0.53508156816186836     
   6.6423362947643190       0.53507925352542374     
   6.6884636301446267       0.53507702446541550     
   6.7345909655249345       0.53507473623551449     
   6.7807183009052423       0.53507222163627577     
   6.8268456362855501       0.53506927829428519     
   6.8729729716658579       0.53506564841391635     
   6.9191003070461656       0.53506098818688408     
   6.9652276424264734       0.53505482195458798     
   7.0113549778067812       0.53504647347784695     
   7.0574823131870890       0.53503496313467791     
   7.1036096485673967       0.53501885576623909     
   7.1497369839477045       0.53499604038706772     
   7.1958643193280123       0.53496342328200075     
   7.2419916547083201       0.53491652727897199     
   7.2881189900886278       0.53484902580455318     
   7.3342463254689356       0.53475232228635539     
   7.3803736608492434       0.53461543871011252     
   7.4265009962295512       0.53442570885802831     
   7.4726283316098590       0.53417101717424254     
   7.5187556669901667       0.53384435954146559     
   7.5648830023704745       0.53345089306153282     
   7.6110103377507823       0.53301592969500855     
   7.6571376731310901       0.53258970424121432     
   7.7032650085113978       0.53224298335458187     
   7.7493923438917056       0.53204982192865213     
   7.7955196792720134       0.53206147126933412     
   7.8416470146523212       0.53228421500443490     
   7.8877743500326289       0.53267494955177441     
   7.9339016854129367       0.53315796106472613     
   7.9800290207932445       0.53365265318918254     
   8.0261563561735514       0.53409693732001362     
   8.0722836915538583       0.53445724316966348     
   8.1184110269341652       0.53472591673242609     
   8.1645383623144721       0.53491225000091047     
   8.2106656976947789       0.53503313847983458     
   8.2567930330750858       0.53510644351348402     
   8.3029203684553927       0.53514751497005442     
   8.3490477038356996       0.53516805190135741     
   8.3951750392160065       0.53517626439765398     
   8.4413023745963134       0.53517755999953853     
   8.4874297099766203       0.53517531231404969     
   8.5335570453569272       0.53517151771792293     
   8.5796843807372341       0.53516728791041079     
   8.6258117161175409       0.53516319085648967     
   8.6719390514978478       0.53515947370854700     
   8.7180663868781547       0.53515620199306313     
   8.7641937222584616       0.53515334276950399     
   8.8103210576387685       0.53515081173161339     
   8.8564483930190754       0.53514849762524563     
   8.9025757283993823       0.53514627240381896     
   8.9487030637796892       0.53514399202680507     
   8.9948303991599960       0.53514149032108660     
   9.0409577345403029       0.53513856645672253     
   9.0870850699206098       0.53513496497094248     
   9.1332124053009167       0.53513034558080608     
   9.1793397406812236       0.53512423795467123     
   9.2254670760615305       0.53511597389875598     
   9.2715944114418374       0.53510458590780063     
   9.3177217468221443       0.53508865693620566     
   9.3638490822024512       0.53506610268588983     
   9.4099764175827580       0.53503386779926820     
   9.4561037529630649       0.53498752807099703     
   9.5022310883433718       0.53492082548855358     
   9.5483584237236787       0.53482524291980404     
   9.5944857591039856       0.53468987582887950     
   9.6406130944842925       0.53450208796430831     
   9.6867404298645994       0.53424968543601636     
   9.7328677652449063       0.53392539188783850     
   9.7789951006252132       0.53353382818460249     
   9.8251224360055200       0.53309952756355350     
   9.8712497713858269       0.53267190488009053     
   9.9173771067661338       0.53232125794505913     
   9.9635044421464407       0.53212193962240573     
   10.009631777526748       0.53212638860559514     
   10.055759112907054       0.53234258125243650     
   10.101886448287361       0.53272888393605555     
   10.148013783667668       0.53321022914278537     
   10.194141119047975       0.53370573635442287     
   10.240268454428282       0.53415245108203813     
   10.286395789808589       0.53451583742879216     
   10.332523125188896       0.53478750707974820     
   10.378650460569203       0.53497635010157563     
   10.424777795949510       0.53509913644509077     
   10.470905131329816       0.53517376921473270     
   10.517032466710123       0.53521571166497917     
   10.563159802090430       0.53523678746075098     
   10.609287137470737       0.53524531377773277     
   10.655414472851044       0.53524677918734909     
   10.701541808231351       0.53524461381921729     
   10.747669143611658       0.53524085122768750     
   10.793796478991965       0.53523662645227910     
   10.839923814372272       0.53523252153144707     
   10.886051149752578       0.53522879178978433     
   10.932178485132885       0.53522550733318286     
   10.978305820513192       0.53522263772056100     
   11.024433155893499       0.53522010003007148     
   11.070560491273806       0.53521778388935359     
   11.116687826654113       0.53521556203340370     
   11.162815162034420       0.53521329139755547     
   11.208942497414727       0.53521080724216463     
   11.255069832795034       0.53520791092631492     
   11.301197168175340       0.53520435033239422     
   11.347324503555647       0.53519979026509001     
   11.393451838935954       0.53519376810571972     
   11.439579174316261       0.53518562732701636     
   11.485706509696568       0.53517441800545862     
   11.531833845076875       0.53515874938919661     
   11.577961180457182       0.53513657594295305     
   11.624088515837489       0.53510489808230921     
   11.670215851217796       0.53505936876506777     
   11.716343186598102       0.53499383019750946     
   11.762470521978409       0.53489988210612394     
   11.808597857358716       0.53476672966512773     
   11.854725192739023       0.53458178544089607     
   11.900852528119330       0.53433274976396228     
   11.946979863499637       0.53401196037839738     
   11.993107198879944       0.53362326588369147     
   12.039234534260251       0.53319006372760980     
   12.085361869640558       0.53276055253134647     
   12.131489205020864       0.53240430186493293     
   12.177616540401171       0.53219604400595455     
   12.223743875781478       0.53218991349706302     
   12.269871211161785       0.53239636589356720     
   12.315998546542092       0.53277596780259828     
   12.362125881922399       0.53325466610262229     
   12.408253217302706       0.53375121649262292     
   12.454380552683013       0.53420141468727711     
   12.500507888063320       0.53456929961934785     
   12.546635223443626       0.53484538344542565     
   12.592762558823933       0.53503794449132769     
   12.638889894204240       0.53516355324811282     
   12.685017229584547       0.53524016628956939     
   12.731144564964854       0.53528341077622354     
   12.777271900345161       0.53530529365598878     
   12.823399235725468       0.53531429080339266     
   12.869526571105775       0.53531601140684115     
   12.915653906486082       0.53531396997774039     
   12.961781241866388       0.53531025568648916     
   13.007908577246695       0.53530603853855474     
   13.054035912627002       0.53530192167257151     
   13.100163248007309       0.53529817266276702     
   13.146290583387616       0.53529486846176022     
   13.192417918767923       0.53529198233349240     
   13.238545254148230       0.53528943336007129     
   13.284672589528537       0.53528711238189175     
   13.330799924908844       0.53528489314578154     
   13.376927260289150       0.53528263381886632     
   13.423054595669457       0.53528017147576412     
   13.469181931049764       0.53527731026877379     
   13.515309266430071       0.53527380237526379     
   13.561436601810378       0.53526931915586107     
   13.607563937190685       0.53526340794928395     
   13.653691272570992       0.53525542730309239     
   13.699818607951299       0.53524445002378318     
   13.745945943331606       0.53522911937204154     
   13.792073278711912       0.53520744000166276     
   13.838200614092219       0.53517648465797785     
   13.884327949472526       0.53513200663682725     
   13.930455284852833       0.53506797905085202     
   13.976582620233140       0.53497615552061251     
   14.022709955613447       0.53484588841360947     
   14.068837290993754       0.53466466249121714     
   14.114964626374061       0.53442005452852281     
   14.161091961754368       0.53410391830018200     
   14.207219297134674       0.53371911280283113     
   14.253346632514981       0.53328755546946449     
   14.299473967895288       0.53285582533817233     
   14.345601303275595       0.53249246682289730     
   14.391728638655902       0.53227261177846508     
   14.437855974036209       0.53225254329172067     
   14.483983309416516       0.53244596755033613     
   14.530110644796823       0.53281641927181100     
   14.576237980177130       0.53329129489868499     
   14.622365315557436       0.53378896514239094     
   14.668492650937743       0.53424361782489316     
   14.714619986318050       0.53461740134567182     
   14.760747321698357       0.53489934110119575     
   14.806874657078664       0.53509687074426138     
   14.853001992458971       0.53522627097255793     
   14.899129327839278       0.53530555496771748     
   14.945256663219585       0.53535056154727756     
   14.991383998599892       0.53537354005730620     
   15.037511333980198       0.53538317841344374     
   15.083638669360505       0.53538524792600339     
   15.129766004740812       0.53538337698001126     
   15.175893340121119       0.53537973002158579     
   15.222020675501426       0.53537552449144021     
   15.268148010881733       0.53537139220572749     
   15.314275346262040       0.53536761740896444     
   15.360402681642347       0.53536428637244526     
   15.406530017022654       0.53536137738620670     
   15.452657352402960       0.53535881221524739     
   15.498784687783267       0.53535648326768726     
   15.544912023163574       0.53535426553301746     
   15.591039358543881       0.53535201864901050     
   15.637166693924188       0.53534958185164516     
   15.683294029304495       0.53534676263719450     
   15.729421364684802       0.53534331834704951     
   15.775548700065109       0.53533892824477580     
   15.821676035445416       0.53533315168842488     
   15.867803370825722       0.53532536543445330     
   15.913930706206029       0.53531466975912056     
   15.960058041586336       0.53529974905744127     
   16.006185376966645       0.53527866875533758     
   16.052312712346954       0.53524858935951980     
   16.098440047727262       0.53520538632018644     
   16.144567383107571       0.53514319300493318     
   16.190694718487880       0.53505395330352146     
   16.236822053868188       0.53492720559555318     
   16.282949389248497       0.53475053566217190     
   16.329076724628806       0.53451139102913015     
   16.375204060009114       0.53420106347797236     
   16.421331395389423       0.53382122999931803     
   16.467458730769732       0.53339200259577990     
   16.513586066150040       0.53295793170106409     
   16.559713401530349       0.53258619412980091     
   16.605840736910658       0.53235226193898644     
   16.651968072290966       0.53231494224458309     
   16.698095407671275       0.53249193618259882     
   16.744222743051584       0.53285055774786083     
   16.790350078431892       0.53332017524343278     
   16.836477413812201       0.53381883361250115     
   16.882604749192510       0.53427879368366860     
   16.928732084572818       0.53465984384272813     
   16.974859419953127       0.53494910767329196     
   17.020986755333436       0.53515291030131706     
   17.067114090713744       0.53528712959817581     
   17.113241426094053       0.53536982623998686     
   17.159368761474362       0.53541709417859862     
   17.205496096854670       0.53544148454500584     
   17.251623432234979       0.53545195280485669     
   17.297750767615288       0.53545447641771471     
   17.343878102995596       0.53545282932110116     
   17.390005438375905       0.53544927254983143     
   17.436132773756214       0.53544508459931350     
   17.482260109136522       0.53544093429532535     
   17.528387444516831       0.53543712744605609     
   17.574514779897140       0.53543376239679152     
   17.620642115277448       0.53543082394595798     
   17.666769450657757       0.53542823730467970     
   17.712896786038065       0.53542589683973330     
   17.759024121418374       0.53542367901850407     
   17.805151456798683       0.53542144516951873     
   17.851278792178991       0.53541903699751103     
   17.897406127559300       0.53541626582965873     
   17.943533462939609       0.53541289494375377     
   17.989660798319917       0.53540861270826468     
   18.035788133700226       0.53540299234453081     
   18.081915469080535       0.53539543162444703     
   18.128042804460843       0.53538506254523821     
   18.174170139841152       0.53537061704196232     
   18.220297475221461       0.53535023087875078     
   18.266424810601769       0.53532116638572214     
   18.312552145982078       0.53527944130099248     
   18.358679481362387       0.53521937687132026     
   18.404806816742695       0.53513314260742040     
   18.450934152123004       0.53501050292662355     
   18.497061487503313       0.53483917942467352     
   18.543188822883621       0.53460649859349740     
   18.589316158263930       0.53430313610284175     
   18.635443493644239       0.53392942557639467     
   18.681570829024547       0.53350337396400160     
   18.727698164404856       0.53306709234256788     
   18.773825499785165       0.53268599726100541     
   18.819952835165473       0.53243574565208940     
   18.866080170545782       0.53237794366131341     
   18.912207505926091       0.53253498727114634     
   18.958334841306399       0.53287882462447045     
   19.004462176686708       0.53334142346043256     
   19.050589512067017       0.53384066671233232     
   19.096716847447325       0.53430662507908522     
   19.142844182827634       0.53469625796280829     
   19.188971518207943       0.53499433956915010     
   19.235098853588251       0.53520578363396920     
   19.281226188968560       0.53534592236026635     
   19.327353524348869       0.53543283807809350     
   19.373480859729177       0.53548291704861595     
   19.419608195109486       0.53550907141182447     
   19.465735530489795       0.53552058221119614     
   19.511862865870103       0.53552368021387575     
   19.557990201250412       0.53552231936959982     
   19.604117536630721       0.53551888074481724     
   19.650244872011029       0.53551471900361325     
   19.696372207391338       0.53551054930058928     
   19.742499542771647       0.53550670452269056     
   19.788626878151955       0.53550329821938614     
   19.834754213532264       0.53550032339484777     
   19.880881548912573       0.53549770958382747     
   19.927008884292881       0.53549535355380806     
   19.973136219673190       0.53549313349564776     
   20.019263555053499       0.53549091262997595     
   20.065390890433807       0.53548853539358643     
   20.111518225814116       0.53548581735929257     
   20.157645561194425       0.53548252840396426     
   20.203772896574733       0.53547836703844987     
   20.249900231955042       0.53547292194433438     
   20.296027567335351       0.53546561434433071     
   20.342154902715659       0.53545561165333122     
   20.388282238095968       0.53544169893650828     
   20.434409573476277       0.53542209069661806     
   20.480536908856585       0.53539416356258462     
   20.526664244236894       0.53535409570725445     
   20.572791579617203       0.53529642176030023     
   20.618918914997511       0.53521357073222853     
   20.665046250377820       0.53509557394905161     
   20.711173585758129       0.53493032965007148     
   20.757300921138437       0.53470506653755012     
   20.803428256518746       0.53440981702514390     
   20.849555591899055       0.53404344681009230     
   20.895682927279363       0.53362159189339364     
   20.941810262659672       0.53318351834899413     
   20.987937598039981       0.53279243907097995     
   21.034064933420289       0.53252393110662433     
   21.080192268800598       0.53244254948602565     
   21.126319604180907       0.53257601716227410     
   21.172446939561215       0.53290180838840429     
   21.218574274941524       0.53335523808658225     
   21.264701610321833       0.53385432152901724     
   21.310828945702141       0.53432675374012750     
   21.356956281082450       0.53472620532600657     
   21.403083616462759       0.53503461812533992     
   21.449210951843067       0.53525514438920152     
   21.495338287223376       0.53540238989601563     
   21.541465622603685       0.53549441055685865     
   21.587592957983993       0.53554791307323502     
   21.633720293364302       0.53557622884864553     
   21.679847628744611       0.53558902526858099     
   21.725974964124919       0.53559283729853746     
   21.772102299505228       0.53559183677956013     
   21.818229634885537       0.53558855091477298     
   21.864356970265845       0.53558442753849089     
   21.910484305646154       0.53558023870962157     
   21.956611641026463       0.53557635070533627     
   22.002738976406771       0.53557289589286650     
   22.048866311787080       0.53556987745922768     
   22.094993647167389       0.53556723029131426     
   22.141120982547697       0.53556485406987531     
   22.187248317928006       0.53556262897390161     
   22.233375653308315       0.53556042030077700     
   22.279502988688623       0.53555807543612788     
   22.325630324068932       0.53555541453485545     
   22.371757659449241       0.53555221461603997     
   22.417884994829549       0.53554818519117275     
   22.464012330209858       0.53554293173017842     
   22.510139665590167       0.53553590093792525     
   22.556267000970475       0.53552629873900259     
   22.602394336350784       0.53551296802581427     
   22.648521671731093       0.53549420915505397     
   22.694649007111401       0.53546752376007156     
   22.740776342491710       0.53542926633350341     
   22.786903677872019       0.53537420787535983     
   22.833031013252327       0.53529506877567434     
   22.879158348632636       0.53518218839076348     
   22.925285684012945       0.53502368804103773     
   22.971413019393253       0.53480673722683680     
   23.017540354773562       0.53452072701755449     
   23.063667690153871       0.53416297254472167     
   23.109795025534179       0.53374651532687967     
   23.155922360914488       0.53330738574509040     
   23.202049696294797       0.53290610342771805     
   23.248177031675105       0.53261778214727118     
   23.294304367055414       0.53250992549981169     
   23.340431702435723       0.53261611794268149     
   23.386559037816031       0.53292027340198023     
   23.432686373196340       0.53336193155613365     
   23.478813708576649       0.53385969223435392     
   23.524941043956957       0.53433879383437122     
   23.571068379337266       0.53474918143716121     
   23.617195714717575       0.53506944590048633     
   23.663323050097883       0.53530057263332687     
   23.709450385478192       0.53545621311563207     
   23.755577720858501       0.53555431974392043     
   23.801705056238809       0.53561193506152116     
   23.847832391619118       0.53564286569365449     
   23.893959726999427       0.53565722887960443     
   23.940087062379735       0.53566191897815707     
   23.986214397760044       0.53566136770519945     
   24.032341733140353       0.53565827776612029     
   24.078469068520661       0.53565420950825138     
   24.124596403900970       0.53565000404269736     
   24.170723739281279       0.53564606835255524     
   24.216851074661587       0.53564255785040837     
   24.262978410041896       0.53563948824181584     
   24.309105745422205       0.53563680099096223     
   24.355233080802513       0.53563439929985623     
   24.401360416182822       0.53563216563165195     
   24.447487751563131       0.53562996753305614     
   24.493615086943439       0.53562765550856895     
   24.539742422323748       0.53562505454980081     
   24.585869757704057       0.53562194923518291     
   24.631997093084365       0.53561806074617857     
   24.678124428464674       0.53561301238597991     
   24.724251763844983       0.53560627794744042     
   24.770379099225291       0.53559710431895458     
   24.816506434605600       0.53558439597122531     
   24.862633769985909       0.53556654485835742     
   24.908761105366217       0.53554118641058845     
   24.954888440746526       0.53550486482737203     
   25.001015776126835       0.53545260756952906     
   25.047143111507143       0.53537745570467599     
   25.093270446887452       0.53527009718390517     
   25.139397782267761       0.53511892754058676     
   25.185525117648069       0.53491111045486273     
   25.231652453028378       0.53463542752842996     
   25.277779788408687       0.53428760673130127     
   25.323907123788995       0.53387792282980984     
   25.370034459169304       0.53343880747027850     
   25.416161794549613       0.53302756130640283     
   25.462289129929921       0.53271832949209474     
   25.508416465310230       0.53258138998214166     
   25.554543800690539       0.53265658966454565     
   25.600671136070847       0.53293519114161580     
   25.646798471451156       0.53336196807274816     
   25.692925806831465       0.53385674198822874     
   25.739053142211773       0.53434235107184658     
   25.785180477592082       0.53476462185118678     
   25.831307812972391       0.53509824373763593     
   25.877435148352699       0.53534156741445260     
   25.923562483733008       0.53550700476321511     
   25.969689819113317       0.53561229020702883     
   26.015817154493625       0.53567479989407762     
   26.061944489873934       0.53570886729280121     
   26.108071825254243       0.53572512545886131     
   26.154199160634551       0.53573088814730729     
   26.200326496014860       0.53573089376443095     
   26.246453831395169       0.53572805381875088     
   26.292581166775477       0.53572406338212852     
   26.338708502155786       0.53571984671295980     
   26.384835837536095       0.53571586007015748     
   26.430963172916403       0.53571228691224915     
   26.477090508296712       0.53570915825481435     
   26.523217843677021       0.53570642361822973     
   26.569345179057329       0.53570399046125461     
   26.615472514437638       0.53570174387542491     
   26.661599849817947       0.53569955382498480     
   26.707727185198255       0.53569727405898204     
   26.753854520578564       0.53569473457768224     
   26.799981855958873       0.53569172780708119     
   26.846109191339181       0.53568798707436727     
   26.892236526719490       0.53568315427112201     
   26.938363862099798       0.53567673144866645     
   26.984491197480107       0.53566800825954042     
   27.030618532860416       0.53565595353000262     
   27.076745868240724       0.53563905513159704     
   27.122873203621033       0.53561508907224520     
   27.169000539001342       0.53558079995967023     
   27.215127874381650       0.53553148856181898     
   27.261255209761959       0.53546054273086630     
   27.307382545142268       0.53535903803901774     
   27.353509880522576       0.53521569869140229     
   27.399637215902885       0.53501774929568968     
   27.445764551283194       0.53475342341136001     
   27.491891886663502       0.53441687403147164     
   27.538019222043811       0.53401549671228121     
   27.584146557424120       0.53357780399512289     
   27.630273892804428       0.53315733180400193     
   27.676401228184737       0.53282663357060178     
   27.722528563565046       0.53265839348371136     
   27.768655898945354       0.53269894714214294     
   27.814783234325663       0.53294777198584176     
   27.860910569705972       0.53335600735509070     
   27.907037905086280       0.53384554297857933     
   27.953165240466589       0.53433704898332979     
   27.999292575846898       0.53477191280465852     
   28.045419911227206       0.53512034949121778     
   28.091547246607515       0.53537753901927476     
   28.137674581987824       0.53555429968929547     
   28.183801917368132       0.53566798598516885     
   28.229929252748441       0.53573628131974960     
   28.276056588128750       0.53577409028276468     
   28.322183923509058       0.53579262941146499     
   28.368311258889367       0.53579969704351516     
   28.414438594269676       0.53580039068002772     
   28.460565929649984       0.53579786862772960     
   28.506693265030293       0.53579398637879849     
   28.552820600410602       0.53578976782839438     
   28.598947935790910       0.53578572863822627     
   28.645075271171219       0.53578208628146151     
   28.691202606551528       0.53577889045163085     
   28.737329941931836       0.53577610052989832     
   28.783457277312145       0.53577362913602200     
   28.829584612692454       0.53577136440489292     
   28.875711948072762       0.53576917889369302     
   28.921839283453071       0.53576692968262540     
   28.967966618833380       0.53576445187189936     
   29.014093954213688       0.53576154589494307     
   29.060221289593997       0.53575795750718080     
   29.106348624974306       0.53575334765472649     
   29.152475960354614       0.53574724738403667     
   29.198603295734923       0.53573899025973193     
   29.244730631115232       0.53572761126480661     
   29.290857966495540       0.53571169706961108     
   29.336985301875849       0.53568916897911745     
   29.383112637256158       0.53565697989580163     
   29.429239972636466       0.53561071720288411     
   29.475367308016775       0.53554413785331767     
   29.521494643397084       0.53544874143231058     
   29.567621978777392       0.53531363685290878     
   29.613749314157701       0.53512618749862106     
   29.659876649538010       0.53487416802795440     
   29.706003984918318       0.53455021838850558     
   29.752131320298627       0.53415880971213880     
   29.798258655678936       0.53372427421411173     
   29.844385991059244       0.53329583910760958     
   29.890513326439553       0.53294373847389542     
   29.936640661819862       0.53274248734707097     
   29.982767997200170       0.53274491795318557     
   30.028895332580479       0.53295949477917748     
   30.075022667960788       0.53334495326844089     
   30.121150003341096       0.53382632543454711     
   30.167277338721405       0.53432256417910118     
   30.213404674101714       0.53477040811978016     
   30.259532009482022       0.53513501966969101     
   30.305659344862331       0.53540780152847023     
   30.351786680242640       0.53559754395833492     
   30.397914015622948       0.53572099988503030     
   30.444041351003257       0.53579610113857012     
   30.490168686383566       0.53583835606655295     
   30.536296021763874       0.53585963265703618     
   30.582423357144183       0.53586828435400546     
   30.628550692524492       0.53586982650501214     
   30.674678027904800       0.53586770775118775     
   30.720805363285109       0.53586397390349583     
   30.766932698665418       0.53585976791311041     
   30.813060034045726       0.53585567689756086     
   30.859187369426035       0.53585195952225639     
   30.905314704806344       0.53584868825377652     
   30.951442040186652       0.53584583455535861     
   30.997569375566961       0.53584331733385249     
   31.043696710947270       0.53584102828312608     
   31.089824046327578       0.53583884275213289     
   31.135951381707887       0.53583662120846576     
   31.182078717088196       0.53583420386794567     
   31.228206052468504       0.53583139920699074     
   31.274333387848813       0.53582796550357414     
   31.320460723229122       0.53582358294332622     
   31.366588058609430       0.53581781188290822     
   31.412715393989739       0.53581003031226870     
   31.458842729370048       0.53579934021867015     
   31.504970064750356       0.53578442853506836     
   31.551097400130665       0.53576336452262663     
   31.597224735510974       0.53573331438668637     
   31.643352070891282       0.53569016167444250     
   31.689479406271591       0.53562805041563077     
   31.735606741651900       0.53553893682582354     
   31.781734077032208       0.53541237011088605     
   31.827861412412517       0.53523593837682737     
   31.873988747792826       0.53499707097682969     
   31.920116083173134       0.53468700536151170     
   31.966243418553443       0.53430731574012291     
   32.012370753933752       0.53387796862784898     
   32.058498089314057       0.53344336714352780     
   32.104625424694362       0.53307061723741955     
   32.150752760074667       0.53283527888835580     
   32.196880095454972       0.53279642779927472     
   32.243007430835277       0.53297213037649693     
   32.289134766215582       0.53333000537543551     
   32.335262101595887       0.53379953598305629     
   32.381389436976193       0.53429867249738816     
   32.427516772356498       0.53475945460913932     
   32.473644107736803       0.53514143569926731     
   32.519771443117108       0.53543156659987290     
   32.565898778497413       0.53563608308047672     
   32.612026113877718       0.53577084101122119     
   32.658153449258023       0.53585391851999786     
   32.704280784638328       0.53590144270782936     
   32.750408120018633       0.53592599896545823     
   32.796535455398939       0.53593657149864193     
   32.842662790779244       0.53593915931041203     
   32.888790126159549       0.53593755138468580     
   32.934917461539854       0.53593401878796043     
   32.981044796920159       0.53592984651813724     
   33.027172132300464       0.53592570757843616     
   33.073299467680769       0.53592191051145244     
   33.119426803061074       0.53591855556810397     
   33.165554138441379       0.53591562904716006     
   33.211681473821685       0.53591305755883178     
   33.257808809201990       0.53591073701151049     
   33.303936144582295       0.53590854579032354     
   33.350063479962600       0.53590634778878687     
   33.396190815342905       0.53590398828664321     
   33.442318150723210       0.53590128372192980     
   33.488445486103515       0.53589800481064997     
   33.534572821483820       0.53589385089588315     
   33.580700156864125       0.53588841155979361     
   33.626827492244431       0.53588110912880760     
   33.672954827624736       0.53587111253371245     
   33.719082163005041       0.53585720907219159     
   33.765209498385346       0.53583761661291862     
   33.811336833765651       0.53580971680181433     
   33.857464169145956       0.53576969500804117     
   33.903591504526261       0.53571209551539767     
   33.949718839906566       0.53562935890844687     
   33.995846175286871       0.53551152764138132     
   34.041973510667177       0.53534650500847691     
   34.088100846047482       0.53512150850791051     
   34.134228181427787       0.53482652881951331     
   34.180355516808092       0.53446034612972726     
   34.226482852188397       0.53403846712026926     
   34.272610187568702       0.53360001439395799     
   34.318737522949007       0.53320810968590815     
   34.364864858329312       0.53293837182288328     
   34.410992193709617       0.53285556915361465     
   34.457119529089923       0.53298775427544376     
   34.503246864470228       0.53331271011857839     
   34.549374199850533       0.53376590488492637     
   34.595501535230838       0.53426530785260695     
   34.641628870611143       0.53473842862347665     
   34.687756205991448       0.53513871707157978     
   34.733883541371753       0.53544793985607031     
   34.780010876752058       0.53566914991407244     
   34.826138212132363       0.53581692053513097     
   34.872265547512669       0.53590931720448620     
   34.918392882892974       0.53596307492585060     
   34.964520218273279       0.53599155681684385     
   35.010647553653584       0.53600445786571660     
   35.056774889033889       0.53600833417707161     
   35.102902224414194       0.53600737255676090     
   35.149029559794499       0.53600411026658157     
   35.195156895174804       0.53600000168132211     
   35.241284230555110       0.53599582304816684     
   35.287411565935415       0.53599194335003697     
   35.333538901315720       0.53598849678750005     
   35.379666236696025       0.53598548792744660     
   35.425793572076330       0.53598285287791037     
   35.471920907456635       0.53598049260864966     
   35.518048242836940       0.53597828886050847     
   35.564175578217245       0.53597610899123416     
   35.610302913597550       0.53597380323722077     
   35.656430248977856       0.53597119581045483     
   35.702557584358161       0.53596806961483401     
   35.748684919738466       0.53596414282128513     
   35.794812255118771       0.53595903378304532     
   35.840939590499076       0.53595220851753778     
   35.887066925879381       0.53594290199573102     
   35.933194261259686       0.53593000070825225     
   35.979321596639991       0.53591186987641004     
   36.025448932020296       0.53588610593551012     
   36.071576267400602       0.53584919781588924     
   36.117703602780907       0.53579609810345497     
   36.163830938161212       0.53571975362423052     
   36.209958273541517       0.53561074822562382     
   36.256085608921822       0.53545739143084259     
   36.302212944302127       0.53524683645012072     
   36.348340279682432       0.53496802229931961     
   36.394467615062737       0.53461711262108436     
   36.440594950443042       0.53420516376973526     
   36.486722285823348       0.53376565210061000     
   36.532849621203653       0.53335685532259791     
   36.578976956583958       0.53305329166728388     
   36.625104291964263       0.53292454933449007     
   36.671231627344568       0.53300874242205631     
   36.717358962724873       0.53329500669532282     
   36.763486298105178       0.53372652037290758     
   36.809613633485483       0.53422263515867907     
   36.855740968865788       0.53470678671216487     
   36.901868304246094       0.53512594428748717     
   36.947995639626399       0.53545592184976942     
   36.994122975006704       0.53569585316840085     
   37.040250310387009       0.53585853587962351     
   37.086377645767314       0.53596179036788361     
   37.132504981147619       0.53602291183436179     
   37.178632316527924       0.53605609043738922     
   37.224759651908229       0.53607181471898047     
   37.270886987288534       0.53607727928676008     
   37.317014322668840       0.53607713474695973     
   37.363141658049145       0.53607423259963494     
   37.409268993429450       0.53607022918156155     
   37.455396328809755       0.53606602494517164     
   37.501523664190060       0.53606206221658137     
   37.547650999570365       0.53605851676526484     
   37.593778334950670       0.53605541572539384     
   37.639905670330975       0.53605270698898599     
   37.686033005711280       0.53605029769234658     
   37.732160341091586       0.53604807336584015     
   37.778287676471891       0.53604590489291926     
   37.824415011852196       0.53604364731953358     
   37.870542347232501       0.53604113235148543     
   37.916669682612806       0.53603815468139038     
   37.962797017993111       0.53603445075481471     
   38.008924353373416       0.53602966690855691     
   38.055051688753721       0.53602331170483331     
   38.101179024134026       0.53601468449145828     
   38.147306359514332       0.53600276862173468     
   38.193433694894637       0.53598607365515027     
   38.239561030274942       0.53596240752971713     
   38.285688365655247       0.53592856063993843     
   38.331815701035552       0.53587989661980007     
   38.377943036415857       0.53580988374729355     
   38.424070371796162       0.53570968856448009     
   38.470197707176467       0.53556811438035101     
   38.516325042556772       0.53537240523246543     
   38.562452377937078       0.53511067495887599     
   38.608579713317383       0.53477671792388926     
   38.654707048697688       0.53437726103211269     
   38.700834384077993       0.53393988965335359     
   38.746961719458298       0.53351722514103272     
   38.793089054838603       0.53318139752308136     
   38.839216390218908       0.53300561499726873     
   38.885343725599213       0.53303774356310352     
   38.931471060979518       0.53327926079193733     
   38.977598396359824       0.53368290642395733     
   39.023725731740129       0.53417113775870462     
   39.069853067120434       0.53466413347854513     
   39.115980402500739       0.53510219520859426     
   39.162107737881044       0.53545441634649338     
   39.208235073261349       0.53571516798588181     
   39.254362408641654       0.53589485378089141     
   39.300489744021959       0.53601072301447561     
   39.346617079402264       0.53608053204512207     
   39.392744414782570       0.53611932859776434     
   39.438871750162875       0.53613847742443910     
   39.484999085543180       0.53614590084915659     
   39.531126420923485       0.53614678874411670     
   39.577253756303790       0.53614436322460446     
   39.623381091684095       0.53614052151316871     
   39.669508427064400       0.53613631365516146     
   39.715635762444705       0.53613227113706785     
   39.761763097825011       0.53612862074928958     
   39.807890433205316       0.53612541759854848     
   39.854017768585621       0.53612262428529667     
   39.900145103965926       0.53612015556336734     
   39.946272439346231       0.53611790135219983     
   39.992399774726536       0.53611573617646446     
   40.038527110106841       0.53611351972519106     
   40.084654445487146       0.53611109084253250     
   40.130781780867451       0.53610825548108787     
   40.176909116247757       0.53610476761157266     
   40.223036451628062       0.53610030047525270     
   40.269163787008367       0.53609440359586780     
   40.315291122388672       0.53608643837035141     
   40.361418457768977       0.53607548166366381     
   40.407545793149282       0.53606018278469070     
   40.453673128529587       0.53603855547186297     
   40.499800463909892       0.53600768584457215     
   40.545927799290197       0.53596334603279927     
   40.592055134670503       0.53589953377257760     
   40.638182470050808       0.53580803101734320     
   40.684309805431113       0.53567821503067736     
   40.730437140811418       0.53549757633939343     
   40.776564476191723       0.53525365163472272     
   40.822691811572028       0.53493817415452061     
   40.868819146952333       0.53455377523931635     
   40.914946482332638       0.53412205123960210     
   40.961073817712943       0.53368925760546615     
   41.007201153093249       0.53332378379872880     
   41.053328488473554       0.53310095172960659     
   41.099455823853859       0.53307762144234172     
   41.145583159234164       0.53326827741333993     
   41.191710494614469       0.53363709779024515     
   41.237837829994774       0.53411171813600922     
   41.283965165375079       0.53461030941578813     
   41.330092500755384       0.53506659908639254     
   41.376219836135689       0.53544224960263365     
   41.422347171515995       0.53572593084604447     
   41.468474506896300       0.53592489313322256     
   41.514601842276605       0.53605537193896868     
   41.560729177656910       0.53613541576710699     
   41.606856513037215       0.53618093069733974     
   41.652983848417520       0.53620423556395103     
   41.699111183797825       0.53621407652807085     
   41.745238519178130       0.53621626850623583     
   41.791365854558435       0.53621447027688096     
   41.837493189938741       0.53621086647989524     
   41.883620525319046       0.53620668756847978     
   41.929747860699351       0.53620257363563706     
   41.975875196079656       0.53619881425631100     
   42.022002531459961       0.53619549932774546     
   42.068129866840266       0.53619260991119011     
   42.114257202220571       0.53619007028897536     
   42.160384537600876       0.53618777560260755     
   42.206511872981181       0.53618560422806305     
   42.252639208361487       0.53618342033780741     
   42.298766543741792       0.53618106950428079     
   42.344893879122097       0.53617836830383836     
   42.391021214502402       0.53617508731631125     
   42.437148549882707       0.53617092536135469     
   42.483275885263012       0.53616547097247835     
   42.529403220643317       0.53615814470792911     
   42.575530556023622       0.53614811272646734     
   42.621657891403927       0.53613415813902554     
   42.667785226784233       0.53611449264369937     
   42.713912562164538       0.53608648900212863     
   42.760039897544843       0.53604632017772180     
   42.806167232925148       0.53598851391973068     
   42.852294568305453       0.53590549039682678     
   42.898421903685758       0.53578727012169636     
   42.944549239066063       0.53562173934060953     
   42.990676574446368       0.53539611608093363     
   43.036803909826673       0.53510042876138919     
   43.082931245206979       0.53473355464136108     
   43.129058580587284       0.53431116766038245     
   43.175185915967589       0.53387260514308910     
   43.221313251347894       0.53348117789399629     
   43.267440586728199       0.53321256008453777     
   43.313567922108504       0.53313136108726034     
   43.359695257488809       0.53326528244967752     
   43.405822592869114       0.53359170306186954     
   43.451949928249419       0.53404580810973323     
   43.498077263629725       0.53454550053442573     
   43.544204599010030       0.53501841298973196     
   43.590331934390335       0.53541820539313678     
   43.636459269770640       0.53572684205268328     
   43.682586605150945       0.53594750918853262     
   43.728713940531250       0.53609484360839610     
   43.774841275911555       0.53618692360331877     
   43.820968611291860       0.53624046960732363     
   43.867095946672165       0.53626882041173884     
   43.913223282052471       0.53628164694048530     
   43.959350617432776       0.53628548571088408     
   44.005477952813081       0.53628450926863680     
   44.051605288193386       0.53628124527267296     
   44.097732623573691       0.53627714203487375     
   44.143859958953996       0.53627297221676185     
   44.189987294334301       0.53626910285824381     
   44.236114629714606       0.53626566727061076     
   44.282241965094912       0.53626266980185555     
   44.328369300475217       0.53626004678306693     
   44.374496635855522       0.53625769973330173     
   44.420623971235827       0.53625551123772097     
   44.466751306616132       0.53625334983299933     
   44.512878641996437       0.53625106738016093     
   44.559005977376742       0.53624849036011779     
   44.605133312757047       0.53624540491056960     
   44.651260648137352       0.53624153390253571     
   44.697387983517658       0.53623650262977962     
   44.743515318897963       0.53622978747263605     
   44.789642654278268       0.53622063896245442     
   44.835769989658573       0.53620796694311823     
   44.881897325038878       0.53619017141525127     
   44.928024660419183       0.53616489974740156     
   44.974151995799488       0.53612871332783107     
   45.020279331179793       0.53607666309242097     
   45.066406666560098       0.53600181948949532     
   45.112534001940404       0.53589490186553779     
   45.158661337320709       0.53574432850170084     
   45.204788672701014       0.53553725607977587     
   45.250916008081319       0.53526239680417675     
   45.297043343461624       0.53491531020572469     
   45.343170678841929       0.53450598649022607     
   45.389298014222234       0.53406649803116746     
   45.435425349602539       0.53365384233910007     
   45.481552684982844       0.53334211296324463     
   45.527680020363150       0.53320193580129938     
   45.573807355743455       0.53327386190209791     
   45.619934691123760       0.53354994320727078     
   45.666062026504065       0.53397548108795012     
   45.712189361884370       0.53447036960115035     
   45.758316697264675       0.53495712532418827     
   45.804444032644980       0.53538108165607146     
   45.850571368025285       0.53571648036676789     
   45.896698703405590       0.53596138164293561     
   45.942826038785896       0.53612807082841030     
   45.988953374166201       0.53623427192106710     
   46.035080709546506       0.53629741072915471     
   46.081208044926811       0.53633188915565988     
   46.127335380307116       0.53634840469476941     
   46.173462715687421       0.53635432259307059     
   46.219590051067726       0.53635441864570121     
   46.265717386448031       0.53635162984742035     
   46.311844721828336       0.53634766790078869     
   46.357972057208642       0.53634346760987606     
   46.404099392588947       0.53633949184090302     
   46.450226727969252       0.53633592825192900     
   46.496354063349557       0.53633281069594585     
   46.542481398729862       0.53633009087791739     
   46.588608734110167       0.53632767828982231     
   46.634736069490472       0.53632546030175032     
   46.680863404870777       0.53632330977905984     
   46.726990740251082       0.53632108443228976     
   46.773118075631388       0.53631861987189888     
   46.819245411011693       0.53631571663931421     
   46.865372746391998       0.53631211997497152     
   46.911500081772303       0.53630748945589835     
   46.957627417152608       0.53630135360264897     
   47.003754752532913       0.53629304186100402     
   47.049882087913218       0.53628158286471672     
   47.096009423293523       0.53626555379584184     
   47.142136758673828       0.53624286210521621     
   47.188264094054134       0.53621044097339221     
   47.234391429434439       0.53616385069413197     
   47.280518764814744       0.53609681304241019     
   47.326646100195049       0.53600078606742385     
   47.372773435575354       0.53586483793809181     
   47.418900770955659       0.53567630882620387     
   47.465028106335964       0.53542299772669355     
   47.511155441716269       0.53509765815671373     
   47.557282777096574       0.53470500243042918     
   47.603410112476880       0.53426973226242336     
   47.649537447857185       0.53384149189375507     
   47.695664783237490       0.53349080349797962     
   47.741792118617795       0.53329213554958965     
   47.787919453998100       0.53329784854919926     
   47.834046789378405       0.53351564998106360     
   47.880174124758710       0.53390355428066927     
   47.926301460139015       0.53438620542708637     
   47.972428795519320       0.53488259023163365     
   48.018556130899626       0.53532977556168893     
   48.064683466279931       0.53569333591193125     
   48.110810801660236       0.53596501047312528     
   48.156938137040541       0.53615378986273632     
   48.203065472420846       0.53627650501184232     
   48.249192807801151       0.53635108677516596     
   48.295320143181456       0.53639300516046318     
   48.341447478561761       0.53641408031118165     
   48.387574813942066       0.53642262255284545     
   48.433702149322372       0.53642411385236699     
   48.479829484702677       0.53642197935532698     
   48.525956820082982       0.53641824947163752     
   48.572084155463287       0.53641405768037964     
   48.618211490843592       0.53640998567888054     
   48.664338826223897       0.53640628935944856     
   48.710466161604202       0.53640304010457951     
   48.756593496984507       0.53640020937969224     
   48.802720832364813       0.53639771684012083     
   48.848848167745118       0.53639545552717582     
   48.894975503125423       0.53639330273937613     
   48.941102838505728       0.53639112163565128     
   48.987230173886033       0.53638875615560411     
   49.033357509266338       0.53638602002040592     
   49.079484844646643       0.53638267904791825     
   49.125612180026948       0.53637842446158879     
   49.171739515407253       0.53637283300273841     
   49.217866850787559       0.53636530719947695     
   49.263994186167864       0.53635498590688846     
   49.310121521548169       0.53634061127033295     
   49.356248856928474       0.53632033432200255     
   49.402376192308779       0.53629143982756333     
   49.448503527689084       0.53624997726894419     
   49.494630863069389       0.53619031004990170     
   49.540758198449694       0.53610465800649509     
   49.586885533829999       0.53598283433389138     
   49.633012869210305       0.53581258484735761     
   49.679140204590610       0.53558119416280481     
   49.725267539970915       0.53527917193031982     
   49.771394875351220       0.53490650784425298     
   49.817522210731525       0.53448068662550363     
   49.863649546111830       0.53404323711731783     
   49.909776881492135       0.53365919692666808     
   49.955904216872440       0.53340436322571638     
   50.002031552252745       0.53334114902440499     
   50.048158887633051       0.53349320668673283     
   50.094286223013356       0.53383366338448979     
   50.140413558393661       0.53429508155342109     
   50.186540893773966       0.53479519433909106     
   50.232668229154271       0.53526340421243546     
   50.278795564534576       0.53565586919960440     
   50.324922899914881       0.53595672514603454     
   50.371050235295186       0.53617052087877659     
   50.417177570675491       0.53631246485432693     
   50.463304906055797       0.53640066795120123     
   50.509432241436102       0.53645161351972537     
   50.555559576816407       0.53647832423490138     
   50.601686912196712       0.53649017787516751     
   50.647814247577017       0.53649347941831016     
   50.693941582957322       0.53649223529289847     
   50.740068918337627       0.53648886168339016     
   50.786196253717932       0.53648473587333367     
   50.832323589098237       0.53648058724702474     
   50.878450924478543       0.53647675759978919     
   50.924578259858848       0.53647336621224606     
   50.970705595239153       0.53647041009557306     
   51.016832930619458       0.53646782205958599     
   51.062960265999763       0.53646550213684308     
   51.109087601380068       0.53646333237751931     
   51.155214936760373       0.53646118107270224     
   51.201342272140678       0.53645889970021887     
   51.247469607520983       0.53645631390113180     
   51.293596942901289       0.53645320821171361     
   51.339724278281594       0.53644930276833036     
   51.385851613661899       0.53644421847411683     
   51.431978949042204       0.53643742488742308     
   51.478106284422509       0.53642816213040045     
   51.524233619802814       0.53641532436212269     
   51.570360955183119       0.53639728825592825     
   51.616488290563424       0.53637166711943829     
   51.662615625943729       0.53633497400571850     
   51.708742961324035       0.53628219428560187     
   51.754870296704340       0.53620631577586431     
   51.800997632084645       0.53609796640871732     
   51.847124967464950       0.53594548875623449     
   51.893252302845255       0.53573602994000502     
   51.939379638225560       0.53545844002129028     
   51.985506973605865       0.53510866125602408     
   52.031634308986170       0.53469737179220966     
   52.077761644366475       0.53425756538038127     
   52.123888979746781       0.53384710354275555     
   52.170016315127086       0.53354041239784222     
   52.216143650507391       0.53340751039751333     
   52.262270985887696       0.53348741423802415     
   52.308398321268001       0.53377028692840489     
   52.354525656648306       0.53420000877896945     
   52.400652992028611       0.53469605296064060     
   52.446780327408916       0.53518146745743722     
   52.492907662789221       0.53560260573642549     
   52.539034998169527       0.53593471502333978     
   52.585162333549832       0.53617655631779682     
   52.631289668930137       0.53634076027274069     
   52.677417004310442       0.53644512759927143     
   52.723544339690747       0.53650701116942845     
   52.769671675071052       0.53654068402436628     
   52.815799010451357       0.53655671374060521     
   52.861926345831662       0.53656235843521549     
   52.908053681211968       0.53656231492666673     
   52.954181016592273       0.53655946618900674     
   53.000308351972578       0.53655548900410976     
   53.046435687352883       0.53655129665612888     
   53.092563022733188       0.53654733934919630     
   53.138690358113493       0.53654379767353411     
   53.184817693493798       0.53654070181386571     
   53.230945028874103       0.53653800179949762     
   53.277072364254408       0.53653560657248034     
   53.323199699634714       0.53653340356545154     
   53.369327035015019       0.53653126603069268     
   53.415454370395324       0.53652905224415870     
   53.461581705775629       0.53652659850673823     
   53.507709041155934       0.53652370618804690     
   53.553836376536239       0.53652012156479678     
   53.599963711916544       0.53651550559208816     
   53.646091047296849       0.53650938872669041     
   53.692218382677154       0.53650110324040168     
   53.738345718057460       0.53648968197431224     
   53.784473053437765       0.53647370839888009     
   53.830600388818070       0.53645109927007617     
   53.876727724198375       0.53641880120986341     
   53.922855059578680       0.53637239314017737     
   53.968982394958985       0.53630562096568068     
   54.015109730339290       0.53620997056472430     
   54.061237065719595       0.53607453536340655     
   54.107364401099900       0.53588666437167642     
   54.153491736480206       0.53563412530722132     
   54.199619071860511       0.53530956934352036     
   54.245746407240816       0.53491751082757921     
   54.291873742621121       0.53448236782310887     
   54.338001078001426       0.53405349160526838     
   54.384128413381731       0.53370124757138271     
   54.430255748762036       0.53350023456676365     
   54.476383084142341       0.53350326964761874     
   54.522510419522646       0.53371869361014279     
   54.568637754902952       0.53410505761401306     
   54.614765090283257       0.53458722584088769     
   54.660892425663562       0.53508405664021519     
   54.707019761043867       0.53553227668727343     
   54.753147096424172       0.53589709130790197     
   54.799274431804477       0.53616996414439722     
   54.845401767184782       0.53635973880183041     
   54.891529102565087       0.53648320406632899     
   54.937656437945392       0.53655831101007134     
   54.983783773325698       0.53660057570581743     
   55.029911108706003       0.53662186752391050     
   55.076038444086308       0.53663053860949916     
   55.122165779466613       0.53663210240089698     
   55.168293114846918       0.53663000595899057     
   55.214420450227223       0.53662629413843910     
   55.260547785607528       0.53662210955428857     
   55.306675120987833       0.53661803950542342     
   55.352802456368138       0.53661434325267443     
   55.398929791748444       0.53661109420881903     
   55.445057127128749       0.53660826512519444     
   55.491184462509054       0.53660577659033681     
   55.537311797889359       0.53660352249416465     
   55.583439133269664       0.53660138110371658     
   55.629566468649969       0.53659921685466483     
   55.675693804030274       0.53659687548632773     
   55.721821139410579       0.53659417332989401     
   55.767948474790884       0.53659088004226130     
   55.814075810171190       0.53658669254722047     
   55.860203145551495       0.53658119611149213     
   55.906330480931800       0.53657380607460903     
   55.952457816312105       0.53656368056623194     
   55.998585151692410       0.53654959061613361     
   56.044712487072715       0.53652973007419358     
   56.090839822453020       0.53650144590227344     
   56.136967157833325       0.53646087493324979     
   56.183094493213630       0.53640249676738128     
   56.229221828593936       0.53631867245472609     
   56.275349163974241       0.53619936006166025     
   56.321476499354546       0.53603240019097187     
   56.367603834734851       0.53580502102180738     
   56.413731170115156       0.53550737602310661     
   56.459858505495461       0.53513864664560318     
   56.505985840875766       0.53471501632578566     
   56.552113176256071       0.53427645809244650     
   56.598240511636376       0.53388681421407336     
   56.644367847016682       0.53362186042924298     
   56.690495182396987       0.53354565316307967     
   56.736622517777292       0.53368478556894905     
   56.782749853157597       0.53401541805045227     
   56.828877188537902       0.53447193254166447     
   56.875004523918207       0.53497210747134583     
   56.921131859298512       0.53544401563940003     
   56.967259194678817       0.53584199340431460     
   57.013386530059122       0.53614861596294483     
   57.059513865439428       0.53636746681448955     
   57.105641200819733       0.53651336077673506     
   57.151768536200038       0.53660439991809783     
   57.197895871580343       0.53665724828363004     
   57.244023206960648       0.53668516219659379     
   57.290150542340953       0.53669773386138042     
   57.336277877721258       0.53670143674865289     
   57.382405213101563       0.53670039785341783     
   57.428532548481869       0.53669711420574195     
   57.474659883862174       0.53669301467073549     
   57.520787219242479       0.53668886020643647     
   57.566914554622784       0.53668501122837320     
   57.613041890003089       0.53668159762759771     
   57.659169225383394       0.53667862230228358     
   57.705296560763699       0.53667602133985293     
   57.751423896144004       0.53667369678409893     
   57.797551231524309       0.53667153230074727     
   57.843678566904615       0.53666939801338942     
   57.889805902284920       0.53666714796165127     
   57.935933237665225       0.53666461161877776     
   57.982060573045530       0.53666157931971459     
   58.028187908425835       0.53665777996585717     
   58.074315243806140       0.53665284769252353     
   58.120442579186445       0.53664627203054382     
   58.166569914566750       0.53663732322425861     
   58.212697249947055       0.53662494069544420     
   58.258824585327361       0.53660756852661384     
   58.304951920707666       0.53658291874536168     
   58.351079256087971       0.53654764495797547     
   58.397206591468276       0.53649692375996738     
   58.443333926848581       0.53642398454378815     
   58.489461262228886       0.53631972290947227     
   58.535588597609191       0.53617270305806708     
   58.581715932989496       0.53597009872231627     
   58.627843268369801       0.53570035098589552     
   58.673970603750107       0.53535826813942811     
   58.720097939130412       0.53495248854428890     
   58.766225274510717       0.53451327071119159     
   58.812352609891022       0.53409590883977032     
   58.858479945271327       0.53377384619342183     
   58.904607280651632       0.53361893468951149     
   58.950734616031937       0.53367481602811728     
   58.996861951412242       0.53393735718176805     
   59.042989286792547       0.53435473498919539     
   59.089116622172853       0.53484768558441753     
   59.135243957553158       0.53533761841285821     
   59.181371292933463       0.53576775440567148     
   59.227498628313768       0.53611025358571640     
   59.273625963694073       0.53636172661736270     
   59.319753299074378       0.53653374843040480     
   59.365880634454683       0.53664389139135094     
   59.412007969834988       0.53670974057940335     
   59.458135305215293       0.53674597250794454     
   59.504262640595599       0.53676356019715821     
   59.550389975975904       0.53677009579140156     
   59.596517311356209       0.53677052243559920     
   59.642644646736514       0.53676789185526574     
   59.688771982116819       0.53676399028875821     
   59.734899317497124       0.53675979892395453     
   59.781026652877429       0.53675580845094917     
   59.827153988257734       0.53675222269583633     
   59.873281323638039       0.53674908469723792     
   59.919408659018345       0.53674635140930382     
