   2.0000000000000000E-002  -6.1653309851852087E-004   7.8195235841600492E-004   9.1223000610237066E-004   2.8390837422166449E-004  -1.7008925986551459E-003  -4.7160671512646402E-004  -9.6411269366831424E-004  -2.1104347195936893E-003   4.7559783407688793E-004  -6.7924831598490298E-004
   4.0000000000000001E-002  -6.3113574948459234E-005   1.5625315803792623E-003   1.3563929907883872E-003   2.3567901442769659E-005  -8.3358669722617869E-004  -9.1041306398011450E-004  -1.1197578271314624E-003  -2.0676534143508536E-003   1.0298208211888505E-003  -1.3110683335335385E-004
   5.9999999999999998E-002  -5.8916818715785176E-004   1.8732189988670417E-003   2.2116812435539813E-003  -2.5582057372253300E-004  -1.2052473915115695E-003  -1.1307168735238292E-003  -1.1489391824157159E-003  -1.8053142122633138E-003   1.3246070280605062E-003   2.1929839005617154E-004
   8.0000000000000002E-002  -1.5129403935336600E-003   1.6539263620298080E-003   1.2436091779553958E-003  -4.3498008284290556E-004  -1.2068404125109226E-003  -1.6221517658138620E-003  -1.5458045258917030E-003  -3.2744461376829530E-003   8.5886440871847181E-004  -3.3556018763703334E-004
  0.10000000000000001       -5.3378117255809964E-004   1.2551009797641360E-003   5.4858854347317968E-004  -6.5301941052575653E-004  -1.1544360143745662E-003  -1.2291329615062322E-003  -1.8477233810206860E-003  -3.8938311063959896E-003   6.1788850217452010E-004   2.8430978812192596E-004
  0.12000000000000000        3.8702290130143084E-004  -1.2147066789082112E-003   1.3194716561217392E-003  -1.4787488739744382E-003  -7.0632164709680191E-004  -1.3828967501322358E-003  -2.2749025814141916E-003  -4.3858981414379040E-003   6.3085020596182189E-004   5.9678352014937272E-004
  0.14000000000000001        1.0301789919043582E-003  -8.0450415201681607E-004   2.7835100853155137E-003  -1.8413181285479724E-003  -1.0221702011130281E-003  -1.3605113698781056E-003  -2.2740306818709163E-003  -5.6737784326823474E-003  -1.8286126600579669E-004   4.5018687899140114E-004
  0.16000000000000000        1.3951959342182923E-003  -1.1197469433203528E-003   3.6036331065119622E-003  -1.7099320370072926E-003  -8.2531376995588642E-004  -1.0673918001400666E-003  -2.3022608169200841E-003  -4.8297766141362618E-003  -6.6009511728755670E-004  -3.8570969639235787E-004
  0.17999999999999999        1.5472117467176020E-003  -7.8253945118302330E-005   3.1375929357336527E-003  -1.5871013870781834E-003   2.5344540026884079E-004  -3.8525732438248199E-004  -3.1400883957756237E-003  -3.7085705448855200E-003  -1.0479669049704504E-003  -1.1616501942978087E-003
  0.20000000000000001        2.0704818087326536E-003   5.7961073283188582E-004   4.0722510622314767E-003  -1.8436077898000786E-003   1.5248339461656048E-003  -1.4014143594588049E-003  -3.1810437413765124E-003  -5.1221602206253103E-003  -1.4857783121564739E-003  -1.3946486139372108E-003
  0.22000000000000000        2.8232021020499214E-003   3.7737940809523535E-004   4.2318446679330156E-003  -1.1368695067277257E-003   1.4819355869370046E-003   3.3310769871707185E-004  -3.2651829625373737E-003  -5.4258193938114705E-003  -2.9377387490097115E-003  -2.3398018983869133E-003
  0.23999999999999999        3.1642457963852112E-003   2.2211338513089302E-004   3.7145273902676932E-003  -4.9559526796598462E-004   5.5090747032122327E-004   1.0080373286579162E-003  -3.0291076783732079E-003  -6.3807985516457014E-003  -1.6345595180389380E-003  -2.1898653238792880E-003
  0.26000000000000001        4.2824356861087196E-003   5.9348354249839225E-004   3.3381302162780522E-003   7.5255309929453612E-004   3.1457974404245910E-005   5.1022167501293232E-004  -5.0658949264600107E-003  -6.2343710381151966E-003  -1.4430373396952059E-003  -2.5645369427991904E-003
  0.28000000000000003        4.9455396582735863E-003   5.7080424866211353E-004   4.2900124304924526E-003  -8.7502069711176719E-004  -4.6436117603086767E-004   6.4411634400984407E-004  -4.4457314818460549E-003  -4.8794994184447570E-003  -1.2513126687132990E-003  -1.7537305166963728E-003
  0.29999999999999999        5.2432296615317116E-003   1.6607252117451503E-003   3.7789307591056015E-003  -1.1564923960021233E-003  -1.1254835796252961E-003   8.0126421974560614E-004  -4.5285515781542688E-003  -5.6318327986894208E-003  -1.2746864768551729E-003  -2.6955903571350510E-003
  0.32000000000000001        5.5577171814626836E-003   2.7147486266257568E-003   3.3732120304750296E-003  -9.3404457127443745E-004  -1.2740892434130592E-003  -5.1364822117700880E-005  -5.2511486011640792E-003  -5.7418496818473254E-003  -1.5098409497162574E-003  -2.4415814683861506E-003
  0.34000000000000002        4.6183280960262725E-003   2.6106196724031000E-003   3.1193221576573289E-003   1.6389936490634636E-004   6.1876090188603839E-004  -1.2927454286694130E-003  -3.8137875750739883E-003  -6.5206706969773371E-003  -8.0409812774012745E-004  -3.9531788900849796E-003
  0.35999999999999999        4.1863754716768842E-003   2.5541856509366878E-003   2.9087194318825164E-003  -3.0180897658162214E-004  -4.6313090122117968E-005  -1.9739922383446191E-003  -4.3765517801343887E-003  -4.7434335402181810E-003  -8.4688159048446001E-004  -4.0272180577293759E-003
  0.38000000000000000        4.7473784780129643E-003   2.8038541477499548E-003   1.1966616438647926E-003   1.6644570025713709E-004  -3.4375504772516318E-004  -1.4154269956497779E-003  -5.1102192922295652E-003  -3.4539379656291606E-003  -6.7778307996618217E-004  -5.2141935701279628E-003
  0.40000000000000002        5.1389467037498207E-003   4.4256095725526265E-003   1.5393008793581145E-005  -3.9474376029264972E-004  -1.6171654063825954E-003  -1.6361655605178407E-003  -4.3780504840648009E-003  -3.8897169606467246E-003   3.2375170510597106E-004  -5.5479316880222666E-003
  0.41999999999999998        6.7957860457744136E-003   4.0845792003895449E-003  -9.4127633494495275E-004   1.0589255793412881E-004  -1.3124043708492407E-003  -1.3828633305930696E-003  -5.0388670789921512E-003  -2.4455320385215812E-003   3.3186953821858579E-004  -5.8686924966503190E-003
  0.44000000000000000        5.8370704034022463E-003   3.3630743468088301E-003   9.8671970191596898E-004  -1.0291136713531926E-003  -1.1519532332570077E-003  -1.8133990437493759E-003  -4.8719648327194571E-003  -2.2439018820595408E-003   2.7571493774212238E-004  -4.4318985967611415E-003
  0.46000000000000002        6.0682407792941612E-003   3.8939616261145344E-003   5.7471866026137801E-004  -1.3341441867508147E-004   4.6674739426669004E-005  -2.4873551395936319E-003  -5.2846173087036132E-003  -1.1806518700607125E-003   6.3966241535724712E-004  -4.8411222849141927E-003
  0.47999999999999998        5.4692564065198825E-003   3.7854079127756504E-003   5.9949544156823555E-004  -7.0719953453139152E-004   4.4661512913415029E-004  -3.6191137207081487E-003  -4.9855371778625666E-003  -1.1752167499985849E-003   1.0604395675427097E-005  -3.9054153239311221E-003
  0.50000000000000000        4.8670344025774940E-003   4.7703273140771692E-003   9.4362027716662054E-004   2.7729554615396699E-004   3.7892758898730076E-004  -3.7403404152210949E-003  -5.1465512203487914E-003  -1.0523384833476391E-004   2.9053152923192804E-004  -3.6137563885577802E-003
  0.52000000000000002        4.5551125825829073E-003   7.0951750519118797E-003   6.0140294713318678E-004   3.2170798486894114E-004   2.1486081270434516E-004  -4.1765628716745650E-003  -5.4436868946360168E-003   4.6915455811946612E-005   2.9690214417041458E-004  -2.8911996767980105E-003
  0.54000000000000004        4.6993220136984301E-003   6.8586776450618890E-003   1.0201227720370827E-003   7.3332042175905279E-004  -4.9886062152986257E-004  -4.9169532341073524E-003  -5.4185393130376193E-003   1.1991334671965689E-004   1.1107041325821201E-003  -3.6815914891831225E-003
  0.56000000000000005        5.2570708484120845E-003   5.4687345365185694E-003   2.4788502532658548E-003  -7.1113560971129025E-004  -5.9463144723735217E-004  -5.8722080455559152E-003  -5.7909051528099633E-003  -3.4102458326415225E-005   1.8079207537146031E-003  -3.9144151556409637E-003
  0.57999999999999996        4.5516702972776789E-003   4.7331840603898230E-003   1.3961884073314793E-003  -8.2928677765344017E-004  -2.1868678991414743E-003  -6.3459831205033308E-003  -7.0228468335265890E-003  -6.3812807889104123E-004   9.8021207335849251E-004  -3.5003964980952120E-003
  0.59999999999999998        4.0306837246677071E-003   6.1376282612659533E-003   6.8760571439989903E-005  -1.8609627334802981E-003  -1.8479948623090423E-003  -5.3572895636347321E-003  -7.4758916439048827E-003  -3.4752741420003075E-004  -4.6646156100696662E-004  -3.6678155435289454E-003
  0.62000000000000000        3.1693278266845316E-003   5.6752692680452580E-003  -2.3144860345074937E-004  -1.6575387909861475E-003  -1.6524891308326789E-003  -4.3279053561810048E-003  -7.9396367196554844E-003   5.9274477397045129E-005   4.8348989890051536E-004  -4.3822367076943713E-003
  0.64000000000000001        3.5121379946287026E-003   4.7795103034107573E-003   3.4186552615261611E-004  -2.4636908934711562E-003  -2.7556573307752088E-003  -4.8498352101734813E-003  -7.2905002204166833E-003  -3.6339372303936259E-004   2.3106197325973817E-005  -4.6633670725124889E-003
  0.66000000000000003        2.2026008879540999E-003   4.9302978290850178E-003  -9.5909578529074116E-004  -3.2743217724892229E-003  -1.9952678814956258E-003  -5.3738273706410000E-003  -7.1113578966576652E-003   4.5751677491477399E-004   8.1243523961003409E-004  -4.8769059867381399E-003
  0.68000000000000005        3.3775885188690592E-004   6.0109956983414592E-003  -3.0149337739373032E-004  -2.6418625588573007E-003  -1.6468089541778904E-003  -5.3645922663288301E-003  -4.8111150833491561E-003   1.0037213386427874E-003   5.6964720989297643E-004  -4.8224792613406724E-003
  0.70000000000000007        9.1139626993717653E-004   5.1942730732274893E-003  -1.4185378112593443E-003  -2.3781270558776253E-003  -1.3456408414038354E-003  -6.4322265001539678E-003  -5.2760660595802386E-003   9.2853222224291627E-004   5.6499130566111213E-004  -4.9759926652734876E-003
  0.71999999999999997       -2.0837867121694059E-004   4.5611179215255060E-003  -2.0188151171966814E-003  -2.4496533808948408E-003  -1.3714739576115428E-003  -5.6722522900287849E-003  -5.5002891106303410E-003  -9.1295603420900946E-004  -6.1207659358506318E-004  -6.4449130144411653E-003
  0.73999999999999999        1.9062030859202261E-004   4.9450051365619802E-003  -1.9985293644527269E-003  -2.4116003344292055E-003  -1.5913892301369782E-003  -5.9260483058619700E-003  -5.7692801739965991E-003  -4.3600211892686332E-004   3.4273951017577337E-004  -6.3960399541277907E-003
  0.76000000000000001        2.6180083716910722E-004   5.1023673444363701E-003  -2.4222150864209647E-003  -4.3085874837563865E-003   2.8051998375593122E-004  -6.2693326110749908E-003  -6.0169567177784170E-003  -2.4656517929281174E-004   1.0349337034471695E-003  -7.4152349876559498E-003
  0.78000000000000003        2.5480676437973946E-004   5.0238349012796495E-003  -1.8994188582336629E-003  -5.6933635649922655E-003  -7.8031232705777975E-004  -5.6057027359298394E-003  -6.7032958642121391E-003   1.1077494482289655E-003  -4.3795735305782743E-005  -9.0435774904983873E-003
  0.80000000000000004       -1.1888385402567583E-004   3.4814129532511296E-003  -2.6820442328441075E-003  -7.1276200479661392E-003   7.8411663378423718E-005  -6.3157553962274755E-003  -5.6542749335641764E-003   7.1726675636678999E-004  -1.1771997502276748E-003  -8.6688189189580399E-003
  0.82000000000000006        3.5353994439905960E-004   3.6892753541955458E-003  -2.1054572946898466E-003  -8.2480615814448464E-003  -2.7612326668498402E-004  -5.2106222929107927E-003  -6.0210612417911230E-003   3.1197403846868236E-004  -1.2872795751916921E-003  -9.6332467374901712E-003
  0.83999999999999997       -2.6127855593404689E-004   4.1440087373062545E-003  -2.6025096288390392E-003  -8.0159534546640557E-003  -5.9852026273862573E-004  -5.8370768123864828E-003  -4.0904120014178015E-003   1.7364872956150195E-003  -2.7214050673950358E-004  -1.0100115983286811E-002
  0.85999999999999999       -1.4964810731961102E-003   4.3328773342960827E-003  -3.1111109981376422E-003  -6.9244496171511558E-003  -7.2362586894538286E-004  -7.0202051109790001E-003  -4.2785618270170713E-003   1.1641304675204596E-003  -5.8328757839590023E-004  -1.0215406745388848E-002
  0.88000000000000000       -1.0657810004904608E-003   6.1495632956487549E-003  -3.5255652236580557E-003  -6.8635820580260163E-003  -2.7326270524404358E-004  -7.4188446130868573E-003  -4.2355379862195524E-003   1.4420475536269441E-003  -4.1351242282978225E-004  -1.0594500228062558E-002
  0.90000000000000002       -1.6049752702898281E-003   7.7581160411628412E-003  -2.1100317668733366E-003  -6.7721513418541853E-003  -7.0334176320504876E-004  -7.8703651140694889E-003  -3.4264832088704662E-003   1.1059304068525052E-003   2.7905209497174326E-005  -1.0807992403169523E-002
  0.92000000000000004       -1.6643524129231087E-003   8.1824934550022866E-003  -2.3103082577500141E-003  -6.6993795338601680E-003  -1.1912386418136986E-003  -8.0680165925579167E-003  -3.5539370210959107E-003  -1.5236633951317639E-004  -4.1397432267511162E-004  -1.0531085947019852E-002
  0.94000000000000006       -2.4560199011468570E-003   6.8256174752661597E-003  -2.1924549225200564E-003  -6.5529028440124192E-003  -8.5598028390511719E-004  -8.6790901783219826E-003  -2.4971108624984549E-003  -2.0131636247873214E-004   1.0794709951256036E-003  -1.1460870376036892E-002
  0.95999999999999996       -2.9305374792766683E-003   7.2689497352034565E-003  -3.1158500193345946E-003  -6.2911486501015046E-003  -8.9240718313330389E-004  -8.0100774855802123E-003  -2.7764815659176191E-003  -1.1028009869000362E-003   8.5208796882198234E-004  -1.0802058959448885E-002
  0.97999999999999998       -4.1231485127103066E-003   7.9740336695409645E-003  -4.2855002985512864E-003  -6.4102498859641525E-003  -3.3035151706041228E-004  -6.8519316706933189E-003  -3.3932884501238032E-003  -3.7034415981187889E-005   6.7795565046114984E-004  -1.0915736130514301E-002
   1.0000000000000000       -4.7269773996826770E-003   9.3736361280591426E-003  -4.8513266073385705E-003  -5.4198209791106577E-003   3.6895324159677621E-004  -7.4795756139512722E-003  -3.6141800624625215E-003   1.4661553929582072E-003   1.1703023008213310E-003  -1.1849800458387429E-002
   1.0200000000000000       -6.6429044093667660E-003   9.5981149975137466E-003  -5.7381982840866144E-003  -4.5288639251691134E-003   6.1552091944076369E-004  -8.2159138855546869E-003  -4.3251245268003738E-003   8.3014623042330243E-004  -1.7068091994956085E-004  -1.1313716869447358E-002
   1.0400000000000000       -6.6121108660047905E-003   9.8730152528766404E-003  -6.5389241164398731E-003  -3.6864734271969861E-003   8.7333877068567747E-004  -8.0164740902129127E-003  -3.4839496354763812E-003   9.0327130876803857E-004  -9.5982632022754825E-004  -1.0453564303119474E-002
   1.0600000000000001       -5.9196686736350847E-003   1.0121004651226395E-002  -5.4936888279587034E-003  -3.9903804050419531E-003   9.1625684868828117E-004  -8.3654168813484357E-003  -2.6047859704034621E-003   1.8477889202110063E-003  -1.7542082846046798E-003  -1.0481305057075282E-002
   1.0800000000000001       -5.6859258641580330E-003   1.0443060689726207E-002  -4.4512849964037284E-003  -3.1979172428438329E-003   1.9127162452011151E-003  -7.6442462329016515E-003  -2.1539101214917097E-003   2.1720347807620156E-003  -3.5073695605988228E-003  -9.1433860266298579E-003
   1.1000000000000001       -5.2880626995616409E-003   9.3759672568486142E-003  -4.4686160639762400E-003  -3.1275566607571544E-003   2.1505895620258808E-003  -7.3536475414676299E-003  -1.6282643756878046E-003   2.1868018295579175E-003  -3.5752959309525083E-003  -1.0486227984168733E-002
   1.1200000000000001       -4.2797952512457519E-003   8.9864185298172885E-003  -4.4182087334959062E-003  -3.0016341620997754E-003   1.1308894675741952E-003  -7.2778354271591907E-003  -1.7638814049304589E-003   1.8440192229435949E-003  -4.6190237255601223E-003  -1.0206610862147268E-002
   1.1400000000000001       -4.8625418440856848E-003   8.9171221123148185E-003  -4.2125400220162550E-003  -3.2333198380480100E-003   8.3572612112561362E-004  -6.2967896454651489E-003  -4.7216635341209776E-004   1.0660465053238307E-003  -4.4692833494048871E-003  -7.8619183446771174E-003
   1.1599999999999999       -5.5661722449126729E-003   9.4490738665831391E-003  -4.6681954101565086E-003  -3.5170715093223600E-003   1.4284703137040517E-003  -6.8924993848915048E-003   8.7619785319832970E-004   1.0637948538022859E-003  -5.0040606166150952E-003  -8.3994542676917947E-003
   1.1799999999999999       -5.3144004323159950E-003   9.0720225430077055E-003  -4.5986322886009054E-003  -2.9542068561714797E-003   2.2016760754349331E-003  -7.1105968710130788E-003   1.1248727058250547E-003   1.7884516615494837E-003  -4.9500408560894495E-003  -8.2351370467095911E-003
   1.2000000000000000       -6.2684025572323021E-003   8.4385971418060955E-003  -5.1081033266573376E-003  -3.5136053406987357E-003   2.7843420191920581E-003  -7.4230865663887655E-003   1.5841493833655112E-003   2.5356788975760929E-003  -4.2604317868008695E-003  -8.1497290285872069E-003
   1.2200000000000000       -6.5154983700776116E-003   8.9862439003692354E-003  -4.4273094039483409E-003  -4.4057193250491887E-003   2.1109275685018700E-003  -7.5396242141214289E-003   2.0237467897895622E-003   2.7624959408533815E-003  -4.2707163555781250E-003  -7.7001069039007971E-003
   1.2400000000000000       -6.8746578123251769E-003   9.2863022066838503E-003  -5.0345305559926570E-003  -4.7620243438128724E-003   1.9352122282014792E-003  -6.4872867769870963E-003   2.7232388010881205E-003   2.4454018566441899E-003  -4.7528019469366030E-003  -7.7568532096577991E-003
   1.2600000000000000       -6.7811778526067935E-003   9.9776044197394369E-003  -6.2094239100893020E-003  -3.9732739722008062E-003   2.8806240392013887E-003  -6.7012734920840859E-003   1.7388812495396329E-003   2.5991536559116474E-003  -5.8589532164259744E-003  -8.2637277715523066E-003
   1.2800000000000000       -6.2322309706518654E-003   9.0742900697960323E-003  -6.9365152425161060E-003  -4.5846329461561629E-003   2.8912918547938631E-003  -7.0797555646671438E-003   1.4738636549471345E-003   2.3781748514111697E-003  -6.0907183089479022E-003  -8.1401394547217527E-003
   1.3000000000000000       -6.0819509011755335E-003   8.8798298664205209E-003  -8.7574183033234370E-003  -4.7569035953804479E-003   3.2902915637613868E-003  -6.3405898755302245E-003   4.1199950249046083E-004   2.0067893102225735E-003  -6.9125314924420823E-003  -7.8186695987316705E-003
   1.3200000000000001       -7.0322312916024348E-003   9.4925203206641402E-003  -8.3989011080033271E-003  -5.8430705931588880E-003   3.3985617198879943E-003  -6.3879255677893937E-003   2.5919950504733788E-004   1.9165043276012828E-003  -8.0589161625144942E-003  -8.2100487716052026E-003
   1.3400000000000001       -6.8870626491078918E-003   9.6804728010185699E-003  -6.9851949100656809E-003  -5.3427585976300318E-003   3.6457487045690965E-003  -6.2527568046496186E-003  -1.4523312877664965E-004   2.3227924371416247E-003  -7.6495136277701511E-003  -8.3442264355244947E-003
   1.3600000000000001       -7.5457943210074886E-003   1.0486687385780286E-002  -6.0285212740646636E-003  -5.2636951424830623E-003   4.2693858348153372E-003  -6.2985568167158324E-003  -1.1917298315344419E-003   1.9697773994314426E-003  -7.7843120653422332E-003  -7.7006873238628561E-003
   1.3800000000000001       -6.2078075979408376E-003   1.0546302146165951E-002  -5.8701973609248566E-003  -5.4820882754627633E-003   3.1964411542459692E-003  -7.4986341195304547E-003  -7.6637023206451100E-004   7.0266872887677083E-004  -8.5617865427876239E-003  -8.7284238303140804E-003
   1.4000000000000001       -7.2863604876893312E-003   9.9386166208025213E-003  -4.6843047030077885E-003  -6.4477226190762897E-003   2.1197391281258544E-003  -6.2453225952949594E-003  -9.6381093766294756E-004   2.1328445995289465E-003  -7.6924569456018957E-003  -8.8536894464478905E-003
   1.4199999999999999       -6.6583782771447303E-003   1.1138223594191659E-002  -3.9344542955370345E-003  -6.8836871004321785E-003   1.6294840291831017E-003  -6.3500769101485100E-003  -1.4084820772956447E-003   3.0213475279666584E-003  -7.9349489831287926E-003  -8.4899980563646251E-003
   1.4399999999999999       -5.7857148833030409E-003   1.0431964601292249E-002  -4.1784381359772985E-003  -6.5731320567961604E-003   2.8976457731748582E-003  -6.3657846759709209E-003  -2.1603705860585914E-003   4.2071071355644423E-003  -8.4460417303904023E-003  -7.6881761160680620E-003
   1.4600000000000000       -5.5922624218122967E-003   1.0983852151743839E-002  -3.3802235452263700E-003  -6.4526421468903295E-003   1.3389100445465015E-003  -8.0786615461583746E-003  -3.0793321985534590E-003   4.5057096049976797E-003  -8.4651535774356423E-003  -8.8146026017654373E-003
   1.4800000000000000       -4.9863224957718616E-003   1.1056922750409811E-002  -3.9379176084074581E-003  -5.0850249639733851E-003   1.9606369183066837E-003  -7.5023617642999418E-003  -2.9852575713234554E-003   4.4301430358804125E-003  -8.8776902322360001E-003  -8.6447046303667358E-003
   1.5000000000000000       -4.0251706215332214E-003   1.1471016969691522E-002  -4.0090695023161458E-003  -3.6788210148540270E-003   8.7207464831676748E-004  -7.6833170114604579E-003  -3.6450110004555129E-003   5.8481958906090488E-003  -7.3444939870850870E-003  -8.6216169545111770E-003
   1.5200000000000000       -4.9705730301370047E-003   1.1981366406606393E-002  -4.8472252008445165E-003  -2.5202739044494155E-003   1.7961915711161096E-003  -8.2802036987648757E-003  -1.9740588766355722E-003   6.1225620247237584E-003  -6.8696826316765377E-003  -8.1853239660373677E-003
   1.5400000000000000       -5.3743169406355864E-003   1.1741277475949373E-002  -5.1695031070767587E-003  -2.5356503211235075E-003   2.6884062708306053E-003  -7.1595308299009855E-003  -1.6421675911121539E-003   4.5257383387581661E-003  -7.0120651848723219E-003  -7.8615762099376665E-003
   1.5600000000000001       -5.3468010331347441E-003   1.1927255126798176E-002  -6.5083454816724168E-003  -4.0357759522981814E-003   2.4760097106024111E-003  -6.6275943412810578E-003  -1.0767764671324549E-004   4.1965341828410470E-003  -6.7405734486661630E-003  -7.7606210401506247E-003
   1.5800000000000001       -6.3674304280403587E-003   1.1542784985748077E-002  -6.4706371549761218E-003  -3.1857053909559495E-003   3.2138217285925166E-003  -5.9870024068644631E-003  -5.6212276564344251E-005   4.3086202487513181E-003  -6.2731307182192870E-003  -8.8842127387691421E-003
   1.6000000000000001       -5.7000567974629509E-003   1.1280514382890076E-002  -5.5899249491179566E-003  -1.9875431688729591E-003   3.4742018651519315E-003  -5.9332773994006860E-003   1.3049706134490226E-003   4.3139539285056271E-003  -6.5170658587933054E-003  -8.6785618251011207E-003
   1.6200000000000001       -5.2958128428303884E-003   1.0750197384361927E-002  -5.0634452857322735E-003  -2.9373854565743771E-003   3.0324352289147170E-003  -6.8625563356274301E-003   1.6574238637645665E-003   4.0820733621268583E-003  -5.6153815618088286E-003  -7.8810218909009799E-003
   1.6400000000000001       -4.9226220928591923E-003   1.1472625155137472E-002  -5.2431994596600379E-003  -3.2644571857024301E-003   3.1054916271129026E-003  -5.0291160290177233E-003   1.6321745503594196E-003   4.4968188914556190E-003  -6.3215828036786905E-003  -7.6680674684755246E-003
   1.6600000000000001       -3.5441938685315038E-003   9.9108708917202658E-003  -5.2239714040304428E-003  -2.9032330727516227E-003   2.3012869566916309E-003  -5.2441240463344529E-003   1.3570491299792679E-003   5.5425011622288016E-003  -6.9986679372517468E-003  -8.6890333401243372E-003
   1.6799999999999999       -4.4571343702998877E-003   1.1185998126886136E-002  -4.5713127353427790E-003  -3.3557307238696846E-003   2.9560339622953158E-003  -5.5151925700894517E-003   1.4227837677472863E-003   6.4218338530204842E-003  -7.4364349079148869E-003  -8.3611593911948577E-003
   1.7000000000000000       -5.9627516136760688E-003   1.0188541488530741E-002  -5.0251744208765492E-003  -3.2671947287531903E-003   3.9974168685765841E-003  -4.8682439000525546E-003   7.5753651632516053E-004   6.7427867757600957E-003  -7.5724963678127921E-003  -8.4814818562593593E-003
   1.7200000000000000       -7.0495908058971629E-003   1.0290313136561754E-002  -4.9340741783034155E-003  -4.7814512282213749E-003   4.2603709082391283E-003  -5.7694555410783988E-003  -3.6367051807120916E-005   6.7170973559626595E-003  -8.2861564866077743E-003  -7.9399980565986739E-003
   1.7400000000000000       -7.9782937460644524E-003   1.0380132721059847E-002  -4.2602748292093727E-003  -4.6299654838192908E-003   4.8501976467408402E-003  -5.0154368018720356E-003  -2.5226865616073555E-004   7.6806175853419267E-003  -8.7310784020821503E-003  -8.6461506543869041E-003
   1.7600000000000000       -8.3831017447421191E-003   9.0522964362679172E-003  -4.2214867195375328E-003  -4.5153229368261865E-003   5.8555039537831963E-003  -4.4588229893454193E-003   4.8875348512509502E-004   8.9504651514403944E-003  -8.6873234490644994E-003  -7.4948084488037324E-003
   1.7800000000000000       -7.4255987191983921E-003   9.3423764108590233E-003  -3.5690083890595982E-003  -6.4527562279073107E-003   6.1287699223767887E-003  -3.6871401165903305E-003   9.1130434086218910E-004   9.4883826118112597E-003  -7.6226320811966916E-003  -7.8496165267858565E-003
   1.8000000000000000       -7.8457415559796736E-003   9.6109737871327254E-003  -2.6085188537640774E-003  -7.9745470895322655E-003   5.8840209233185217E-003  -2.7219837617401431E-003   3.9346737489110264E-004   9.8217357442462634E-003  -7.1621004070122089E-003  -8.4774716781515561E-003
   1.8200000000000001       -7.8091500408810164E-003   1.0110264725034967E-002  -3.4356127095037828E-003  -8.3018392397634731E-003   5.9223529070644865E-003  -2.6940093491138093E-003  -1.8307631654211642E-005   9.7561377282882750E-003  -6.4207662029031939E-003  -8.1322618022974698E-003
   1.8400000000000001       -7.2691665578756360E-003   9.7382119031405312E-003  -3.8063041683994406E-003  -9.3757358788918981E-003   6.3575134443228706E-003  -1.9723777092200039E-003  -1.1970351289353597E-003   1.0690334807728210E-002  -6.6007262920547037E-003  -9.1765670710012830E-003
   1.8600000000000001       -7.3330520716828320E-003   9.8297459369349419E-003  -3.7901207272986398E-003  -9.3864412974815990E-003   6.4043515834522734E-003  -2.3242748275825553E-003  -4.1190684339909944E-004   1.0486130124578434E-002  -5.7885791298331254E-003  -9.5424138252925752E-003
   1.8800000000000001       -6.7209674468168817E-003   9.4410339820930299E-003  -5.3797470851505011E-003  -8.8283698427663419E-003   6.6218402073947693E-003  -1.3172505170633703E-003  -1.0064976620918905E-003   1.1030877317546314E-002  -4.3126002384290488E-003  -9.7645695206107080E-003
   1.9000000000000001       -7.8797970361959464E-003   9.2261869234185889E-003  -4.3373297168098944E-003  -9.7603309626180454E-003   6.4882087709236631E-003  -1.4060165520526043E-003  -1.6355355636829562E-003   1.0945814960718453E-002  -4.9013583257480203E-003  -9.1057161774275187E-003
   1.9199999999999999       -7.8308583935421724E-003   1.0100777604081308E-002  -4.4764419122238844E-003  -9.8376877008425328E-003   5.9600092835197733E-003  -1.5875814190302957E-003  -2.1060199654365994E-003   1.1029048529838785E-002  -4.5515250889893643E-003  -9.8315055573218561E-003
   1.9399999999999999       -8.1080675597665422E-003   9.0071296232358163E-003  -5.0239077472967984E-003  -9.3320687995066976E-003   6.5182773338148753E-003  -2.0898925093086060E-003  -1.6582630106959323E-003   1.1954808370685533E-002  -4.2961324669291761E-003  -9.4673587118047197E-003
   1.9600000000000000       -6.7137370080438026E-003   8.4572482137785510E-003  -5.0609993796579909E-003  -9.8429777764342218E-003   6.2848906461995041E-003  -1.9764940820131242E-003  -1.8596930639090490E-003   1.2571909695778417E-002  -4.8039027806245404E-003  -9.6840832708023055E-003
   1.9800000000000000       -6.8599701390681510E-003   7.4376983254942431E-003  -5.4918343536428642E-003  -9.5480375684422105E-003   5.8726810381992635E-003  -1.6672328201032080E-003  -2.2306190760520914E-003   1.2707024927649311E-002  -4.3987096232610797E-003  -9.9997638005483586E-003
   2.0000000000000000       -7.1017549926204919E-003   6.5303093670338120E-003  -6.9330080824856711E-003  -8.9339361337185154E-003   5.9429523538048704E-003  -1.6770048685727922E-003  -2.3218080191329577E-003   1.3573222691770043E-002  -3.5776579845448616E-003  -1.0285303894454263E-002
   2.0200000000000000       -7.4135419815854415E-003   6.0611581293357553E-003  -5.4449082890334934E-003  -1.0464338712058437E-002   4.2166567964103657E-003  -1.9393643903610942E-003  -2.5532132821954748E-003   1.3037663990037692E-002  -3.4117007234145177E-003  -1.0949854124193002E-002
   2.0400000000000000       -5.6185279661457310E-003   6.4371388234378251E-003  -5.7176962049886185E-003  -1.0119991517874603E-002   4.2069546697921173E-003  -1.5645900227607039E-003  -2.5398267111255870E-003   1.2553012223910276E-002  -3.3846304853940626E-003  -1.0677496263843940E-002
   2.0600000000000001       -6.1528074171262343E-003   6.2824965222955187E-003  -5.5230096498616911E-003  -8.0396918510443546E-003   5.0615959800954227E-003  -3.0894833744510913E-003  -4.0435974483019662E-003   1.2477796999146426E-002  -3.9123727423108733E-003  -1.1292136418145603E-002
   2.0800000000000001       -6.5595599123898932E-003   5.6529366440853631E-003  -5.5625486296749446E-003  -8.1025844234833364E-003   5.6525077921490583E-003  -4.8876215367348267E-003  -3.5478840874180908E-003   1.3266335406468011E-002  -4.3234754482136695E-003  -1.1631724671918683E-002
   2.1000000000000001       -6.9356313752139027E-003   4.9872434297369653E-003  -5.9218490382612343E-003  -8.4195855504347189E-003   5.5256128794729459E-003  -5.7596113580708781E-003  -4.2075525175233148E-003   1.3153438217115369E-002  -3.7283434789672936E-003  -1.1278162002653235E-002
   2.1200000000000001       -6.9649204575367709E-003   4.9967447585706048E-003  -5.8143472348013790E-003  -8.5208338790084444E-003   4.2627785711370067E-003  -6.3192967197026216E-003  -4.1208460481892755E-003   1.4178304783736533E-002  -3.8024490530068331E-003  -1.1329286456776628E-002
   2.1400000000000001       -6.4950187981345714E-003   5.0303809920666459E-003  -5.3355546286217347E-003  -9.5056318560304606E-003   3.7402559221238717E-003  -5.8964218631732809E-003  -3.1506020729623113E-003   1.3747338751129016E-002  -3.7126116737697876E-003  -1.2525363475462270E-002
   2.1600000000000001       -5.8278863833737928E-003   5.6785407117832445E-003  -4.7409805722771698E-003  -9.7624180275434243E-003   3.9159371428672549E-003  -6.1881368988699918E-003  -3.2756655761909306E-003   1.4128988229824783E-002  -4.2918158729648385E-003  -1.2623273170071206E-002
   2.1800000000000002       -6.7370194692567137E-003   5.2489525837166231E-003  -5.1640946539724415E-003  -9.6846768973199628E-003   3.4798890029788684E-003  -6.6171625185537201E-003  -3.1170173328513430E-003   1.5303830702060454E-002  -4.4456248037597753E-003  -1.2507333289832966E-002
   2.2000000000000002       -6.9227940815700696E-003   5.4547345357866999E-003  -4.7547034804021745E-003  -8.9131230316193983E-003   2.8491144320139071E-003  -8.1805238316367407E-003  -2.2236313481156021E-003   1.4253536845075201E-002  -4.3691401610152737E-003  -1.2051045520521365E-002
   2.2200000000000002       -7.8053873889499343E-003   6.2824385678006403E-003  -4.3345585514570342E-003  -9.6526338453757181E-003   3.9489176646768801E-003  -8.8110322180736580E-003  -2.3963913137548557E-003   1.2959745200627464E-002  -5.2774548324569879E-003  -1.0907071075837467E-002
   2.2400000000000002       -7.3439192276392087E-003   5.8557427538772980E-003  -5.5209242085808088E-003  -9.7032403572602371E-003   4.4958897932464437E-003  -8.7079334852588636E-003  -2.7742018196756516E-003   1.2879306140314940E-002  -5.3412132793185770E-003  -1.1112004489076030E-002
   2.2600000000000002       -6.4872004357462171E-003   6.6652245297777486E-003  -6.1241994270581643E-003  -9.4917747781093909E-003   4.2668225018703022E-003  -9.0059604682843353E-003  -3.4787029032199756E-003   1.3414550087185216E-002  -3.2703893870928030E-003  -1.1554188661098272E-002
   2.2800000000000002       -6.9816017294016810E-003   6.7129515483028658E-003  -5.3454561529644399E-003  -1.0199011932662032E-002   4.8656097596171451E-003  -8.5559549807800901E-003  -3.8241076211838520E-003   1.3090646450432281E-002  -3.3766388022499899E-003  -1.1689923304485865E-002
   2.3000000000000003       -6.9589819827449032E-003   7.0842858531339759E-003  -4.8892013119926350E-003  -1.0603534563781779E-002   4.6522524918859122E-003  -7.6232762890506688E-003  -3.9996531030751046E-003   1.4495214807440416E-002  -2.6732510889212174E-003  -1.1513341287695194E-002
   2.3199999999999998       -7.0832478561654501E-003   7.8003586598335301E-003  -5.1720410541191515E-003  -1.0287724605692491E-002   5.0172454025828785E-003  -5.3514149604437528E-003  -3.5031786163739901E-003   1.3069752615164883E-002  -2.3179470390137825E-003  -1.1643470247643593E-002
   2.3399999999999999       -7.0733571483845717E-003   7.8799383776531097E-003  -5.0703192704315047E-003  -1.0230715998645100E-002   5.6900164546188894E-003  -4.7609619202877065E-003  -4.2844487424985207E-003   1.2579344759328443E-002  -2.3700348116716882E-003  -1.1571312173253530E-002
   2.3599999999999999       -7.1116889591020848E-003   7.4794207625242005E-003  -5.5793089480392251E-003  -1.0197934223677147E-002   5.0060860584260954E-003  -3.0708218102944761E-003  -4.7522400752855621E-003   1.2087920471924916E-002  -3.1014600756898692E-003  -1.0703349423142697E-002
   2.3799999999999999       -5.9000085726964710E-003   6.4111606417544594E-003  -5.9656498584109421E-003  -9.1154564092691213E-003   5.9637500457529954E-003  -3.7927417166460963E-003  -5.0748056960956498E-003   1.3908059318410791E-002  -3.3259664454757159E-003  -1.0425033456169248E-002
   2.3999999999999999       -4.8969093135327081E-003   6.4645210293869980E-003  -6.0565832442619752E-003  -9.7471635209433818E-003   6.8677617841970094E-003  -3.7800055241744629E-003  -5.2272933936584305E-003   1.4145030622544439E-002  -3.5989428202608475E-003  -1.0836327050889513E-002
   2.4199999999999999       -5.2350417249407881E-003   7.3509772775967961E-003  -6.3831895468032399E-003  -1.0721362127648864E-002   6.8988689540529259E-003  -2.3412522551223658E-003  -5.3866037278291227E-003   1.2627622746538768E-002  -3.3661527711691961E-003  -1.1399489475215132E-002
   2.4399999999999999       -5.3513934938111355E-003   6.9403343413931839E-003  -6.0085029126944103E-003  -1.0155311856690750E-002   8.3482469318277349E-003  -2.4756404341029006E-003  -4.8132902458520727E-003   1.2832181753573245E-002  -2.8916523393519027E-003  -1.2453941866064900E-002
   2.4600000000000000       -4.5507750984351341E-003   6.0126813758081673E-003  -6.1930129319578975E-003  -1.1261896392399924E-002   8.1429433046295244E-003  -2.6485191584853214E-003  -5.1142811924117272E-003   1.2345918405764184E-002  -2.9973637096928039E-003  -1.2615914312584613E-002
   2.4800000000000000       -4.0542927751063083E-003   6.7396866447656401E-003  -5.9300856595658185E-003  -1.0895828401262207E-002   6.9573146984922476E-003  -2.4945890211891101E-003  -4.3197797482887141E-003   1.1122735463316626E-002  -3.3210383666845119E-003  -1.3362441752100225E-002
   2.5000000000000000       -3.9185183893096645E-003   6.6744410727245041E-003  -4.8939414992258661E-003  -1.0695351578264678E-002   6.5887505342406691E-003  -3.6966154613448381E-003  -3.5719379142419294E-003   1.0651822740389671E-002  -3.5514167002480214E-003  -1.3011105000545902E-002
   2.5200000000000000       -4.0513668931895621E-003   5.2390938171632331E-003  -5.0432796021340851E-003  -1.0490196077117245E-002   6.7516775523764122E-003  -3.4817715555867431E-003  -2.4723837295886424E-003   1.1541230786599854E-002  -2.5365858244635938E-003  -1.2585030840455938E-002
   2.5400000000000000       -4.7815465564151182E-003   4.3532217985447564E-003  -5.3526809717239828E-003  -1.0371967171344539E-002   6.5143449680769095E-003  -3.7264923885411329E-003  -1.9968242435452351E-003   1.2077326986518141E-002  -2.9158114407158019E-003  -1.3418530083430850E-002
   2.5600000000000001       -5.6531183750300439E-003   3.5485530827359547E-003  -5.3799648084372027E-003  -9.8336708963592135E-003   6.9553109436204354E-003  -5.2651681232022234E-003  -1.3189754004283415E-003   1.2243492635257815E-002  -3.1122462771376977E-003  -1.4672393960415012E-002
   2.5800000000000001       -5.4233278979676546E-003   4.4440494678405652E-003  -6.2948477391944159E-003  -1.0494293074146038E-002   8.2250946073229528E-003  -4.7590004929717183E-003  -1.3357588180741785E-003   1.2496357326626959E-002  -3.8713705668714984E-003  -1.3150620078520253E-002
   2.6000000000000001       -5.7158937837920752E-003   5.4089063309183359E-003  -6.2525922426711752E-003  -1.0003751613132231E-002   7.5978672441048816E-003  -5.1750935784819485E-003  -1.9434593385577181E-003   1.2202810848534614E-002  -4.2400146722272394E-003  -1.2824083565620365E-002
   2.6200000000000001       -5.7902430271305518E-003   5.5907424512366089E-003  -6.8721635757622674E-003  -1.0961337941753852E-002   7.0654426021179014E-003  -2.8480020794129143E-003  -1.4727021834174713E-003   1.1162559015923029E-002  -4.7646236841071771E-003  -1.1838432677524113E-002
   2.6400000000000001       -6.7721931603603241E-003   4.6376887281054501E-003  -7.5893195034985343E-003  -1.0626259866377994E-002   6.3419775076948908E-003  -3.4481624797968553E-003  -1.7912453868233107E-004   1.1267415930162729E-002  -4.0497292648831243E-003  -1.2232304668789603E-002
   2.6600000000000001       -6.5373855918148737E-003   5.2044183949937440E-003  -7.2365652228533221E-003  -1.1848566284789967E-002   5.4686026660007913E-003  -4.1591557183791620E-003   3.1816538429062431E-004   1.1191423217152286E-002  -4.7115410619868623E-003  -1.1998385094203413E-002
   2.6800000000000002       -6.4206780516341041E-003   4.6981186149804392E-003  -6.4970815785419011E-003  -1.2352085851148357E-002   6.5870785625907957E-003  -4.1546946370594195E-003   1.6891121231001447E-003   1.1365090169487429E-002  -4.2667199890935367E-003  -1.3478063445463619E-002
   2.7000000000000002       -7.1469536139062931E-003   4.3870165554376816E-003  -7.1417115231314386E-003  -1.2836458962894847E-002   7.1474006584236133E-003  -4.8884302441997585E-003   1.0250960347276488E-003   1.1860950431676939E-002  -5.0540164591605687E-003  -1.3961368419906832E-002
   2.7200000000000002       -7.1237879375503996E-003   4.7274390191051063E-003  -6.6266944166849901E-003  -1.2983923623768719E-002   7.5271296888802415E-003  -5.5951003007161078E-003   1.7714210308768428E-003   1.2498611832880839E-002  -5.8997316865317638E-003  -1.4233265670039434E-002
   2.7400000000000002       -8.3968623165110463E-003   5.1621149812882405E-003  -6.2113795938784425E-003  -1.3685918101619406E-002   7.7016934019487719E-003  -5.4993464827236237E-003   5.9700921646074811E-004   1.2037880043744668E-002  -5.5519133028883970E-003  -1.4801682132105070E-002
   2.7600000000000002       -9.4450686518402424E-003   4.7770703838621786E-003  -5.7913125168574751E-003  -1.4673470795338031E-002   7.1902312181458513E-003  -5.0540100638808358E-003   1.0097108805127602E-003   1.2064364692067545E-002  -4.9121837882035464E-003  -1.4375305740804992E-002
   2.7800000000000002       -7.9706306935429377E-003   5.4335854194885649E-003  -6.1338375571195420E-003  -1.5507388492609533E-002   7.1879716369233140E-003  -3.7606111408903650E-003   4.0582081849999292E-004   1.0937515348268848E-002  -4.7840893790853387E-003  -1.4558892140239340E-002
   2.8000000000000003       -7.3411124226648765E-003   5.2149730377174085E-003  -6.0826341584254828E-003  -1.3812755338117128E-002   7.1562366803990789E-003  -5.2903522138112299E-003   2.7187804822208586E-004   1.1639458754336590E-002  -5.0785896094582301E-003  -1.4436845403678285E-002
   2.8199999999999998       -8.2245481030089208E-003   5.0799218061834874E-003  -6.1442038271263318E-003  -1.4107263843137801E-002   6.4288082691957120E-003  -6.0936129912144386E-003   1.5370151638159548E-003   1.1938538995913146E-002  -6.1356154221941777E-003  -1.4970849124212810E-002
   2.8399999999999999       -8.6171609967223128E-003   4.3359490110483779E-003  -6.1232398258605283E-003  -1.4050793989734784E-002   6.5531334387295215E-003  -5.9185507749145829E-003   1.6074300510018275E-003   1.2029092112250268E-002  -6.5878275329072089E-003  -1.6333182339059980E-002
   2.8599999999999999       -8.9939547966398116E-003   5.2341106543431510E-003  -6.8829845494352429E-003  -1.2583251381847535E-002   7.0110423652483432E-003  -5.4349781248318003E-003   1.4429213525306173E-003   1.2344161418587163E-002  -5.6690143622174696E-003  -1.6490886218079842E-002
   2.8799999999999999       -8.4225502492606893E-003   4.8068751663988239E-003  -5.2668364968123946E-003  -1.4108323649014303E-002   7.6331632238443026E-003  -6.2631854391439383E-003   1.4386910344732352E-003   1.3396799066827482E-002  -5.3047538200007120E-003  -1.7234254604187930E-002
   2.8999999999999999       -1.0201288544287873E-002   4.8950643306223023E-003  -5.0872051919972289E-003  -1.3833847082914654E-002   7.2494134928223555E-003  -5.7338642124317709E-003   8.2739996698682507E-004   1.3256951752808535E-002  -5.5360253097148275E-003  -1.7963170297907612E-002
   2.9199999999999999       -1.1009693262926001E-002   4.9248917303856971E-003  -4.8380167941810973E-003  -1.3868841291868819E-002   8.6591575138487212E-003  -4.8436898255734134E-003   4.5172304489425575E-004   1.2095517433791029E-002  -5.1814425676776285E-003  -1.8327581816369527E-002
   2.9399999999999999       -1.0743483298920742E-002   5.6864301457814114E-003  -4.1239017558856806E-003  -1.4809307173493175E-002   8.5397181327826911E-003  -5.5771506500868233E-003  -2.2637363796612728E-005   1.2080002958216669E-002  -4.5096723763573335E-003  -1.7948840639490281E-002
   2.9600000000000000       -1.1589894181919726E-002   6.4949620597944150E-003  -2.3108739229312932E-003  -1.5834080864493207E-002   8.0701166803807626E-003  -5.4227800192276120E-003  -5.9713697605333371E-004   1.1179382997388260E-002  -4.8352842821701774E-003  -1.9713269367415638E-002
   2.9800000000000000       -1.2028627213185417E-002   5.8205183205364561E-003  -2.8407865022616135E-003  -1.6646622298218488E-002   7.7058899454435573E-003  -5.4190613358968374E-003  -1.0413055361290658E-003   1.1366010864836353E-002  -4.1733141771659295E-003  -1.9028738366973816E-002
   3.0000000000000000       -1.2578161374500851E-002   5.3667130880798797E-003  -1.7246968539420746E-003  -1.7320741060953892E-002   7.9275274132628061E-003  -4.9477622894234068E-003  -1.5348170995677481E-003   1.1827705937126436E-002  -4.4652235520063572E-003  -1.8981484199778163E-002
   3.0200000000000000       -1.3201449390310746E-002   5.1700932729050100E-003  -5.1818516865133205E-004  -1.7178743691022826E-002   8.3457363030595109E-003  -5.1153318146607970E-003  -1.6202967201160803E-003   1.2017213846874928E-002  -4.6958709481057870E-003  -1.8512642346357022E-002
   3.0400000000000000       -1.2113267476547529E-002   4.3001875007797844E-003  -5.4846814744788212E-004  -1.7920895847303102E-002   8.1360599303947709E-003  -5.3984055721124496E-003  -1.4899143751764682E-003   1.2675399940242266E-002  -3.8849304820641338E-003  -1.8088924650028412E-002
   3.0600000000000001       -1.1155100037117728E-002   4.1065878681122176E-003   6.5280894242309654E-004  -1.8136659893041980E-002   7.0936737936556646E-003  -6.4090055346431290E-003  -1.3781212616513741E-003   1.2022932287853800E-002  -4.0350930833874315E-003  -1.7636177097084225E-002
   3.0800000000000001       -1.0172401454699033E-002   4.7606999553231446E-003  -4.8157437515923074E-004  -1.7154229800362533E-002   7.0217512656320204E-003  -5.8814283916330855E-003  -2.4787970543624013E-003   1.1918980109306209E-002  -3.8583370811572770E-003  -1.7641449034175010E-002
   3.1000000000000001       -1.1434735386491018E-002   5.0737327634237774E-003   8.2395689833604166E-005  -1.6614622515665794E-002   9.6099164632878903E-003  -6.6750056633046086E-003  -2.6669762739182190E-003   1.2280769315051898E-002  -4.0467611655538296E-003  -1.7270746574573018E-002
   3.1200000000000001       -1.2078311533063850E-002   4.5387291138831260E-003   4.2491496090639772E-004  -1.6952132441397164E-002   9.2620974554866245E-003  -6.6920458074553654E-003  -9.9136348837955673E-004   1.2334539351623567E-002  -3.7370486740908194E-003  -1.5981370530132568E-002
   3.1400000000000001       -1.2342156394133013E-002   5.3258444680023311E-003   4.7310644328662956E-004  -1.7667123809746714E-002   9.5869768426888064E-003  -6.5441810314196287E-003  -1.2176253295226092E-003   1.3055597423347816E-002  -3.2201389213337801E-003  -1.5492689496317430E-002
   3.1600000000000001       -1.0513356605581860E-002   5.2944429155219715E-003  -2.3020665153631594E-004  -1.8062450373610570E-002   1.0904583269602745E-002  -7.4172208528464354E-003  -1.7311559660887696E-003   1.2423735860814531E-002  -3.5607301914592805E-003  -1.5986487358636756E-002
   3.1800000000000002       -1.1155759254101085E-002   5.6571884604836855E-003  -4.7923981193465938E-004  -1.8327267050355048E-002   9.1631197250096209E-003  -7.5735986118240228E-003  -2.2098490365597039E-003   1.2733044796796733E-002  -3.3663997329905423E-003  -1.7050494742602344E-002
   3.2000000000000002       -1.1091869256504277E-002   4.8236696908295299E-003  -3.1363687345251415E-004  -1.8503403155433439E-002   9.9727088625671013E-003  -8.7982637792486575E-003  -1.4723224180517814E-003   1.3046129380547807E-002  -3.8554199613476756E-003  -1.5687820282024818E-002
   3.2200000000000002       -1.2742882514531952E-002   5.2007322616103371E-003   2.0278600697534374E-004  -2.0035561551049623E-002   1.0391144192222413E-002  -8.3751516481838442E-003  -7.7783101558205961E-005   1.2945131414600256E-002  -2.7790053030076313E-003  -1.5184273524403042E-002
   3.2400000000000002       -1.2682959504225809E-002   5.0506687733567783E-003  -2.2490337585111020E-004  -2.0047606669056115E-002   1.0186610931164519E-002  -9.0873711963251370E-003   2.7802049583394451E-004   1.2260542278245766E-002  -1.3433701554945844E-003  -1.6200420522403086E-002
   3.2600000000000002       -1.2426398893045297E-002   3.7793192227905141E-003   7.9437914184944040E-004  -2.0417855598694259E-002   1.0296155900875298E-002  -8.4248975237187513E-003  -1.4470415094180539E-004   1.2116255594065060E-002  -1.8869764079719501E-003  -1.6238044831514194E-002
   3.2800000000000002       -1.2679113284829471E-002   2.2021025021901272E-003  -1.7758128640916018E-004  -2.0812155947041208E-002   1.0806912066330795E-002  -8.2950994131396252E-003  -6.6018307371519579E-004   1.1405226401003140E-002  -1.5918063110788208E-003  -1.6876574821397813E-002
   3.3000000000000003       -1.2266344499310496E-002   1.0532955280906360E-003  -5.5387581983770532E-004  -2.0904952452564303E-002   1.1844619244996624E-002  -8.8599459610227103E-003  -5.3429552110692276E-004   1.1135088272696216E-002  -1.1617043997012985E-003  -1.7355145158556066E-002
   3.3200000000000003       -1.1785839658818322E-002   1.1972644262018221E-003  -6.7802685794380126E-004  -2.1226610504902193E-002   1.1454967690979756E-002  -9.0255602728926739E-003  -1.5716524839103762E-003   1.0944585467281970E-002  -1.0529008944595609E-003  -1.7483900588836775E-002
   3.3399999999999999       -1.3417211460227719E-002   1.8144372218617771E-003   3.5207901591575823E-004  -2.1246747842623537E-002   1.2144250470881654E-002  -9.7756643110991880E-003  -2.8159347341252016E-003   1.0718581844678316E-002  -2.0601639948993234E-003  -1.7277899265371655E-002
   3.3599999999999999       -1.3423509381434275E-002   7.3487505163250260E-004   3.1029730633950326E-004  -2.1062972699063185E-002   1.3160477012046310E-002  -1.0009300114270005E-002  -1.7994066698941624E-003   1.1248019518408056E-002  -1.6709489503591484E-003  -1.6722482824082140E-002
   3.3799999999999999       -1.3465857565890891E-002   4.0868577775040140E-004   1.1386153221874006E-003  -2.0910370042928585E-002   1.2695188324833302E-002  -9.6425310168192953E-003  -2.6560972537408166E-003   1.2079957989194817E-002  -1.4859978437662320E-003  -1.6612411526960486E-002
   3.3999999999999999       -1.3325831629211398E-002  -8.2955706486821418E-004   9.7399892870658191E-004  -2.0254960357396986E-002   1.2762686759442622E-002  -9.1031266060274622E-003  -2.2416582919067129E-003   1.1369942354101603E-002  -1.0452897213506967E-003  -1.7261655217751630E-002
   3.4199999999999999       -1.3563299876982130E-002  -1.7669296029882221E-003   1.3058870393230660E-003  -2.0878891770081447E-002   1.3090540617503248E-002  -8.9731710701905134E-003  -2.8012835649893352E-003   1.2956657231586802E-002   2.5949793104741085E-004  -1.7599492625279278E-002
   3.4399999999999999       -1.4630622761904712E-002  -5.8496880134862868E-004   1.8801883220921369E-003  -2.1000602143466909E-002   1.2576316193362691E-002  -9.4985197815560338E-003  -3.8063972742602829E-003   1.2979368750833114E-002   1.6684985140307844E-004  -1.7909713963939439E-002
   3.4600000000000000       -1.4125747858073896E-002  -1.9559008195229165E-003   2.3890227447674198E-003  -2.1254250856694083E-002   1.3101974914904800E-002  -9.0646647527824475E-003  -5.3909232524205590E-003   1.2752458698598900E-002   3.1705044523580675E-004  -1.8460687342915276E-002
   3.4800000000000000       -1.3355363921523634E-002  -1.3962405841005938E-003   1.1798826183053058E-003  -2.0194030296208341E-002   1.3730188435347549E-002  -8.9014315287386809E-003  -5.3739638274651258E-003   1.3404621784853240E-002   7.8117596163299323E-004  -1.8620162584764781E-002
   3.5000000000000000       -1.2999738489920436E-002  -5.8981131799684585E-004   1.2004776481295532E-003  -1.9880304524721559E-002   1.4867058849498968E-002  -8.7645764725730740E-003  -5.2968030631758891E-003   1.3544444262605176E-002   2.8460918403784958E-003  -1.8268549385415517E-002
   3.5200000000000000       -1.3546290872146566E-002  -1.6128877843137389E-003   2.2053101134494324E-003  -2.0645337480325286E-002   1.4443633289769747E-002  -8.9410440004281874E-003  -5.8420493863957984E-003   1.4840117672634727E-002   2.0539643621721032E-003  -1.9250984715241986E-002
   3.5400000000000000       -1.2983994127927308E-002  -2.0146849255705851E-003   3.0076909430383821E-003  -1.9575446186049804E-002   1.4086977699667299E-002  -7.8839092325686966E-003  -5.5329759401861935E-003   1.5274220087724366E-002   1.8772225392780261E-003  -1.8541500048459909E-002
   3.5600000000000001       -1.2462779155743680E-002  -3.4117698231376234E-003   3.1087734615880950E-003  -2.1362841885580054E-002   1.3473433948088302E-002  -9.3488442391267204E-003  -5.9509867756586910E-003   1.6158272217413366E-002   2.0731260306892686E-003  -1.7654698936110439E-002
   3.5800000000000001       -1.4230849193180425E-002  -3.0605718201910533E-003   3.2004199908360741E-003  -2.1220799627439550E-002   1.4152378517268643E-002  -8.8447881987476634E-003  -4.6573764713705107E-003   1.5722995467232895E-002   3.9748029310339309E-003  -1.8061680880583374E-002
   3.6000000000000001       -1.3382269390012407E-002  -1.9568990427914065E-003   3.4006194373101500E-003  -2.1296724683837382E-002   1.3625750951630822E-002  -9.0193110034664653E-003  -5.3841894414257425E-003   1.6015050569158879E-002   3.4950825424277061E-003  -1.7987250229657217E-002
   3.6200000000000001       -1.2342635637354465E-002  -1.2437187066939249E-003   2.3401460259171863E-003  -2.0662410388321031E-002   1.3202540157408996E-002  -9.6007173351258940E-003  -5.5002899994771870E-003   1.6232097481978833E-002   3.2191804611522651E-003  -1.7353708233474915E-002
   3.6400000000000001       -1.3075522355408211E-002  -1.6420543442684833E-003   2.4193958028257182E-003  -2.1253188329102009E-002   1.3423672991517940E-002  -1.0400998492190158E-002  -5.5592550629013195E-003   1.6772371712180136E-002   4.6620070898324168E-003  -1.6746113034806945E-002
   3.6600000000000001       -1.4162420809712842E-002  -2.0267102100588481E-003   1.3117552695436165E-003  -2.0156020330825038E-002   1.3670637625309782E-002  -1.1118180424258207E-002  -5.8180247666034281E-003   1.6536939042128655E-002   4.0693268751558790E-003  -1.7376390865067533E-002
   3.6800000000000002       -1.2888667173700652E-002  -1.3887648859708674E-003   7.3898391904587643E-004  -1.8261930377179079E-002   1.3446881138294257E-002  -1.0704970606933793E-002  -5.0590030275638872E-003   1.5324774206159819E-002   4.8045644298027905E-003  -1.7064148230867417E-002
   3.7000000000000002       -1.4084259932748736E-002  -2.3698775743200484E-003   1.1248888587603520E-003  -1.8209125292516642E-002   1.4568313790668636E-002  -1.0527042440968890E-002  -5.0410431694669069E-003   1.4296716877604742E-002   4.4532259177104162E-003  -1.7489366138790100E-002
   3.7200000000000002       -1.3920196621309659E-002  -1.8576192922802580E-003   1.4158767263935670E-003  -1.8528345081496679E-002   1.4347255516571891E-002  -9.6862019766487031E-003  -3.4246976052406423E-003   1.3641284922169246E-002   2.5240121938572748E-003  -1.7138606053058964E-002
   3.7400000000000002       -1.4140460258564528E-002  -8.8484729352040841E-004   8.2054802304167799E-004  -1.9423189815845579E-002   1.5054711542258167E-002  -1.0412630751680580E-002  -1.9279359510361068E-003   1.4289749396134283E-002   3.1565289298301977E-003  -1.7307059626595681E-002
   3.7600000000000002       -1.4125687918049648E-002  -1.0454987488793012E-004   1.2051779099292018E-003  -1.9950404915943354E-002   1.4654500031780572E-002  -1.0091193381766035E-002  -1.4903773870545843E-003   1.4894543172603976E-002   2.7825870210864832E-003  -1.9025668254786118E-002
   3.7800000000000002       -1.4046041395658355E-002   2.7667434243293495E-005   5.7680181042727005E-004  -1.8647917733110957E-002   1.5194588622255130E-002  -1.0585288875735451E-002  -2.8601946995208110E-003   1.4882927583319647E-002   2.6666006530036458E-003  -1.9533850954995050E-002
   3.8000000000000003       -1.3885608282658038E-002  -8.9861942852867597E-005  -7.8771171192188751E-004  -1.9459014742039364E-002   1.4499031311827762E-002  -1.0548533927328298E-002  -4.3618969400738734E-003   1.5658304812755357E-002   4.2793083264470629E-003  -1.7844768127493828E-002
   3.8200000000000003       -1.4140701114663109E-002  -7.9117648874798088E-004  -7.3800025370447512E-004  -1.9771442726660451E-002   1.5269067126234033E-002  -1.1173250143453354E-002  -3.6377712194807519E-003   1.5046145525642859E-002   5.1346283991632073E-003  -1.7386263179312644E-002
   3.8399999999999999       -1.3286803393913339E-002  -2.7367996567173895E-004  -5.9314660075733680E-004  -2.1633354756458910E-002   1.4938554835209155E-002  -1.1298244195830778E-002  -3.1350111604645228E-003   1.3955633849988580E-002   5.6093521029871750E-003  -1.6415277610858179E-002
   3.8599999999999999       -1.2643421305230501E-002  -1.2170117166053088E-003  -1.0711558456607162E-003  -2.2500704632472685E-002   1.5931005070307539E-002  -1.1181793800053397E-002  -2.4306133976523098E-003   1.3156118028938769E-002   6.3885976260538400E-003  -1.5889565955741543E-002
   3.8799999999999999       -1.2030038612528070E-002  -8.7433678186300248E-004  -1.1691364380956456E-003  -2.2883126867999745E-002   1.6195280530207985E-002  -1.1742908202574422E-002  -2.6572750902192498E-003   1.1949979872484329E-002   7.1112391904143779E-003  -1.5304423662244066E-002
   3.8999999999999999       -1.0979861849499223E-002  -1.3807397312407999E-003  -5.4268503760491766E-004  -2.3209297087984325E-002   1.7379584292683596E-002  -1.2310211929375606E-002  -1.6426243760209753E-003   1.1995924963085807E-002   7.3822514489133321E-003  -1.5415396951270696E-002
   3.9199999999999999       -1.1062698900913798E-002  -1.4475219471584250E-003  -1.6039755235780740E-003  -2.3715066012094728E-002   1.6111370338558306E-002  -1.1821066044393987E-002  -1.3973854609419666E-003   1.2342039812365676E-002   7.4161186955393026E-003  -1.5705156507121905E-002
   3.9399999999999999       -1.1555232340789780E-002  -1.3621120216091586E-003  -1.5703174495906220E-003  -2.3552897440134567E-002   1.6083346671465302E-002  -1.2188165149853131E-002  -8.7671386465187028E-004   1.2522544283379171E-002   6.4789076487379018E-003  -1.6374665227288435E-002
   3.9600000000000000       -1.2558550793991754E-002  -2.8514859813283354E-003  -9.1372201147048228E-004  -2.2417811371397037E-002   1.5548385948350753E-002  -1.2092346374343291E-002  -5.3780528035947059E-004   1.2951994718648281E-002   6.4070480886679994E-003  -1.5650975499105685E-002
   3.9800000000000000       -1.2266333505538308E-002  -4.7169761823069953E-003  -7.3615141586664309E-004  -2.3523286958878023E-002   1.4625723672524352E-002  -1.2851998731991674E-002   7.9264394944842894E-005   1.1556608027048103E-002   7.4831720968734153E-003  -1.6516521507226406E-002
   4.0000000000000000       -1.3268858355786039E-002  -4.8254906046447084E-003   5.8041437800391670E-004  -2.2997047662204999E-002   1.5310756988881968E-002  -1.2172001668398023E-002  -3.5740701226710640E-004   1.0323510272699237E-002   7.8340585049943672E-003  -1.7047928703556883E-002
   4.0200000000000005       -1.5053803674773878E-002  -4.3826874182945081E-003  -3.0873696969201374E-004  -2.3501283151220877E-002   1.5773017574625826E-002  -1.2671444463936473E-002  -2.8723432318912556E-004   1.0618673484048931E-002   8.4013641610304092E-003  -1.7013731702371564E-002
   4.0400000000000000       -1.5600186558381975E-002  -4.8749731051742186E-003  -8.0157139998723740E-004  -2.3469672111708913E-002   1.6011728951832487E-002  -1.3042172487135325E-002  -1.4585938492877751E-003   1.0819268807239301E-002   6.8218804024712375E-003  -1.7330531128539359E-002
   4.0600000000000005       -1.6256816229996075E-002  -5.5653008614950424E-003  -8.9341980851106583E-004  -2.3339224641753104E-002   1.6693975802547407E-002  -1.3832975954345019E-002  -1.1243852652111390E-003   9.8810361256663481E-003   7.9120724822605119E-003  -1.7053570403392601E-002
   4.0800000000000001       -1.4766284903376038E-002  -4.5574566133611411E-003   1.3543648492720642E-004  -2.3605092003475533E-002   1.6714506971395027E-002  -1.3907604950458003E-002  -1.8069567227241932E-003   1.1844772003626989E-002   8.3838282864984685E-003  -1.7673866152618650E-002
   4.0999999999999996       -1.3391437047774738E-002  -5.4689473819124045E-003  -1.3083808386806528E-003  -2.3823163497633068E-002   1.6985127715881159E-002  -1.5023854621509581E-002  -1.9381689575385475E-003   1.1905581349371462E-002   8.2794993115568732E-003  -1.6000573626735279E-002
   4.1200000000000001       -1.2979067519002763E-002  -4.9711448526212274E-003  -8.2173836126974938E-004  -2.3097572056818200E-002   1.7216196231150026E-002  -1.4360026648855950E-002  -2.5275757022422355E-003   1.1993751812989142E-002   8.6947357705921755E-003  -1.5897673981704236E-002
   4.1399999999999997       -1.2847057377098327E-002  -4.7621034955576316E-003  -1.7963499423287481E-003  -2.2796044058278224E-002   1.5822262296776572E-002  -1.4797125600113502E-002  -2.3612299847582171E-003   1.1131141767996261E-002   9.8245776511997757E-003  -1.4899164462580744E-002
   4.1600000000000001       -1.2105941699612488E-002  -6.0401326906510061E-003  -6.1552054068634947E-004  -2.2422676827784774E-002   1.5854824936920125E-002  -1.4745445801116176E-002  -2.5613218501576570E-003   1.0872308202234806E-002   1.0108349592508682E-002  -1.4111683354960824E-002
   4.1799999999999997       -1.1334770022640059E-002  -6.8023592964465826E-003  -1.1893229022409387E-004  -2.1865701763839198E-002   1.4311595929847144E-002  -1.3514018067907377E-002  -2.3805991261005147E-003   1.0883959097375112E-002   8.9226659209026161E-003  -1.4193740771610936E-002
   4.2000000000000002       -1.1250802561397563E-002  -7.0751041457329808E-003   9.3958051224526007E-004  -2.2743072056204777E-002   1.4844017654859445E-002  -1.3006501822122422E-002  -2.5942727250843666E-003   1.1276832624602476E-002   8.5475927956692819E-003  -1.4288162134105007E-002
   4.2199999999999998       -1.1310200931342456E-002  -7.9486735341841031E-003   2.8051746949496708E-004  -2.1919132759792865E-002   1.5358782537721886E-002  -1.3466276617121286E-002  -2.3018849783800269E-003   1.0817078773178270E-002   8.0042940036544469E-003  -1.3839038801043637E-002
   4.2400000000000002       -1.0324228590666909E-002  -8.9674212550399039E-003   9.2586743872814336E-004  -2.1983424222271539E-002   1.5511525604665153E-002  -1.2545943000933849E-002  -2.8578804862807324E-003   1.2023480461848979E-002   8.6200683990270317E-003  -1.3852601727944313E-002
   4.2599999999999998       -8.6636850632612946E-003  -8.4530609057774236E-003   7.4122803363352297E-004  -2.2013768047381383E-002   1.4511378309717909E-002  -1.2565084707436563E-002  -2.2600821660922186E-003   1.4088751462093240E-002   9.4071064395683628E-003  -1.3856713897328695E-002
   4.2800000000000002       -9.2461022342540909E-003  -7.8950878157694505E-003   4.9186124186321296E-004  -2.0973117978628546E-002   1.3989004973921949E-002  -1.2720047287165873E-002  -3.4633271040592530E-003   1.4422506553043194E-002   8.4904491416782392E-003  -1.4735057884466711E-002
   4.2999999999999998       -8.3620694238862436E-003  -6.9950623277601660E-003   1.4075527631077522E-003  -2.2087937663265795E-002   1.3616181117084953E-002  -1.2556183817823948E-002  -2.5884821679775230E-003   1.5753092567310129E-002   8.1148056999999548E-003  -1.5143205268959330E-002
   4.3200000000000003       -7.4154487133565551E-003  -6.3491160918451384E-003   1.5998917858643022E-003  -2.1639139269224665E-002   1.2891134071685533E-002  -1.3811996566016177E-002  -2.3321132263975654E-003   1.7005044855367898E-002   7.5157895239958365E-003  -1.3664586730693059E-002
   4.3399999999999999       -6.7769529694265401E-003  -6.5394400195484762E-003   1.2090432747876687E-003  -2.2208200113257016E-002   1.2916515836990378E-002  -1.2634190796317835E-002  -2.0571940401108851E-003   1.6692696314735477E-002   6.7248915962805000E-003  -1.4001680269865332E-002
   4.3600000000000003       -6.5032606190222010E-003  -6.0852327267451427E-003   2.4826668947282619E-004  -2.2126965016720238E-002   1.2437161164204673E-002  -1.0899974673017858E-002  -1.7653590923281432E-003   1.6799167814724614E-002   7.4130664656632799E-003  -1.3673132627382657E-002
   4.3799999999999999       -5.8875347784819437E-003  -6.7273900776530461E-003   2.0697209638193318E-003  -2.2428900199718427E-002   1.2948513342901223E-002  -1.1751068148314323E-002  -3.2834204059432317E-004   1.6157209219003425E-002   7.7910544431921422E-003  -1.3420160142231082E-002
   4.4000000000000004       -4.6309872560550205E-003  -7.2578327190178787E-003   8.5480457040590699E-004  -2.2976613321268505E-002   1.2184435050873615E-002  -1.1682255331234988E-002  -9.1646556318379386E-004   1.7207335260314843E-002   7.1365734253584683E-003  -1.3248891902260180E-002
   4.4199999999999999       -4.6052141112052714E-003  -8.1412389191874625E-003   1.5551564889729490E-004  -2.3578819018298652E-002   1.3114868411005162E-002  -1.2638075900593852E-002  -6.9068296097707989E-004   1.7836142432613326E-002   6.6876052527534017E-003  -1.2462230188764523E-002
   4.4400000000000004       -4.9225481166553075E-003  -8.2306271195280549E-003   2.9267447845368285E-004  -2.3905505839510680E-002   1.3428242998925276E-002  -1.3052377937997697E-002  -1.7569792515598486E-003   1.6825757152111230E-002   7.0544022515234778E-003  -1.2459585844059469E-002
   4.4600000000000000       -5.5786722233521326E-003  -9.1499740321683044E-003  -4.6328870080706913E-004  -2.3899549777670233E-002   1.4786602184151891E-002  -1.3401763083288595E-002  -2.1214891650471338E-003   1.6767198135568442E-002   6.6267206536814493E-003  -1.1902353357871407E-002
   4.4800000000000004       -6.0417298634431946E-003  -1.0232135910558283E-002  -3.1751551957028836E-004  -2.3956395006498616E-002   1.4955764210814855E-002  -1.3580334147686474E-002  -1.5891860888896060E-003   1.6354579186532672E-002   7.6774222871819524E-003  -1.2349321923343152E-002
   4.5000000000000000       -6.9967516028151431E-003  -8.8249186159965153E-003   1.1026592031189147E-003  -2.3795604583431954E-002   1.4487691187740860E-002  -1.3606535092027004E-002  -4.0642337377660900E-004   1.6672354834574743E-002   7.4439971026566236E-003  -1.3382132983573991E-002
   4.5200000000000005       -7.6901154935212655E-003  -8.0167032355313549E-003   8.0977992426713250E-004  -2.4717721877170556E-002   1.5230409104110710E-002  -1.1868698165826818E-002  -7.2452891473529586E-004   1.7628955391815297E-002   7.3747533126693682E-003  -1.3350883907748719E-002
   4.5400000000000000       -8.3139888914283214E-003  -7.8612666335440787E-003   1.1447344403715046E-003  -2.5077933079255960E-002   1.5790887700892493E-002  -1.3080193476680133E-002  -6.2786649324038336E-004   1.7415683588889577E-002   8.5152633345430238E-003  -1.2746002347177036E-002
   4.5600000000000005       -8.0184008107481407E-003  -7.9132425034937320E-003   8.6918043122066377E-004  -2.6187460653946466E-002   1.5712223897366800E-002  -1.3938707592938070E-002  -2.6875330937665336E-004   1.8429113363141680E-002   8.9911263494909296E-003  -1.2615041657688460E-002
   4.5800000000000001       -6.9638892861962551E-003  -9.1716136665584737E-003   9.1781673563843570E-005  -2.6139707969308635E-002   1.6483993852121688E-002  -1.5000488442204455E-002  -3.9709757555519759E-004   1.8358934102249307E-002   8.9786373132090952E-003  -1.3243983229837948E-002
   4.6000000000000005       -6.8489685216420867E-003  -9.0504761079330635E-003  -7.4796813916092574E-004  -2.6701430827344472E-002   1.5257406092053283E-002  -1.4705465484103878E-002   7.4808607307264084E-004   1.7856158659686410E-002   9.7231048027823213E-003  -1.3152901420228416E-002
   4.6200000000000001       -5.9027028878470000E-003  -8.6661518103662398E-003  -7.2802679148232597E-004  -2.6805906085978264E-002   1.6207988757968680E-002  -1.4011721975067542E-002   4.8697904744799043E-005   1.9067221428527219E-002   9.0747266948360845E-003  -1.3514885250149693E-002
   4.6399999999999997       -7.6358488686739346E-003  -9.0642776624686276E-003  -1.4585686195355484E-004  -2.6674358639799483E-002   1.6221647134657811E-002  -1.3852944004261928E-002  -1.2017988865142622E-003   1.9564472552654096E-002   9.5382764392521486E-003  -1.4155068843024272E-002
   4.6600000000000001       -8.2057385122999114E-003  -9.6842580860114387E-003  -4.8241809593350807E-004  -2.6198887590193742E-002   1.7076243205464175E-002  -1.3346705825381951E-002  -6.7349847313880496E-004   2.0205880081781043E-002   9.4325858933012961E-003  -1.3558832323631247E-002
   4.6799999999999997       -7.5717315772405210E-003  -1.0648812627503616E-002  -6.6905930835839205E-005  -2.7502276449551440E-002   1.7310155610790270E-002  -1.3154746895331703E-002  -5.8748159304868996E-004   2.0640741444202679E-002   9.2557062455720721E-003  -1.2621724085520541E-002
   4.7000000000000002       -7.1307436280597875E-003  -9.7342594995368289E-003   1.5788524668363473E-003  -2.7122122263778092E-002   1.7318948254415125E-002  -1.3478276513739786E-002  -4.5694585995587349E-004   1.9524257881151644E-002   9.9356942721672229E-003  -1.3405016854017023E-002
   4.7199999999999998       -7.2749250079925960E-003  -9.1258489799433840E-003   7.3857176980981337E-004  -2.6023777638864157E-002   1.5892344950930021E-002  -1.3600235187998818E-002  -5.2361190724756364E-005   1.8552608844419151E-002   9.8173481777320097E-003  -1.3945851637479011E-002
   4.7400000000000002       -6.9432865811619258E-003  -8.8218446043661011E-003   2.2080307427782631E-003  -2.6977199524054359E-002   1.6016442132678853E-002  -1.4634393806029053E-002  -1.5180506104968813E-003   1.8730508741533376E-002   9.6740897904127234E-003  -1.4691220843266474E-002
   4.7599999999999998       -7.6160531028790510E-003  -9.9461482574497457E-003   3.5092188327044164E-003  -2.6900394304679220E-002   1.4670912654374785E-002  -1.5570196980237235E-002  -8.2544743741239102E-004   1.8698147838783968E-002   1.1600223805817603E-002  -1.3807200196854112E-002
   4.7800000000000002       -8.4947014431677494E-003  -9.8419340092813449E-003   4.1070001730045260E-003  -2.7219634556565786E-002   1.4749927838899392E-002  -1.4347324691705500E-002  -1.1816363422302578E-003   1.8607933968524351E-002   1.0777879069054126E-002  -1.4059146811695969E-002
   4.7999999999999998       -7.8541988872176151E-003  -1.0553296009628656E-002   3.8333494500106826E-003  -2.7078821320465987E-002   1.5816129988808925E-002  -1.4947667669655010E-002  -2.7972363561107674E-005   1.7868905973319516E-002   1.1127530586456741E-002  -1.4859914292267670E-002
   4.8200000000000003       -7.8688655458175414E-003  -9.9103028659735352E-003   2.4133167419740343E-003  -2.7256679804696735E-002   1.5644167741332562E-002  -1.5568479860941935E-002   5.6722338659232266E-004   1.7703296999107845E-002   1.0808680986100825E-002  -1.5219338600934679E-002
   4.8399999999999999       -8.3887437622943116E-003  -1.0150984118316079E-002   2.8519284980934867E-003  -2.7953257308672777E-002   1.6094034380111755E-002  -1.6013530013388413E-002   9.9766514296101933E-004   1.6972878076867998E-002   1.0985935253331547E-002  -1.5937021099882973E-002
   4.8600000000000003       -8.0283504133928027E-003  -9.7788922608993724E-003   3.1569576696995469E-003  -2.8958567063365439E-002   1.6323166667972934E-002  -1.5898894903435275E-002   6.6563670952751535E-004   1.5985830072901323E-002   1.1864663670893533E-002  -1.4775801100099828E-002
   4.8799999999999999       -7.6080011359979010E-003  -9.5015784792430603E-003   4.5709127157245941E-003  -2.8704247963756931E-002   1.6592558537457548E-002  -1.6624175992067426E-002   1.4218329452163189E-003   1.6190319975152030E-002   1.2597138552806770E-002  -1.6319894720451755E-002
   4.9000000000000004       -7.7573522237884595E-003  -9.9885053909196404E-003   3.9150609836787545E-003  -2.8007536921162850E-002   1.7115496161191360E-002  -1.6236371293575844E-002   1.8392634250136890E-003   1.5313282423253187E-002   1.2392503412843805E-002  -1.6824761895769733E-002
   4.9199999999999999       -7.6257992893871912E-003  -9.5170062712468806E-003   4.0174357730272912E-003  -2.7972208072105684E-002   1.7104422900829943E-002  -1.6054658914385615E-002   1.9539825196767022E-003   1.4492722316121174E-002   1.3602406360440533E-002  -1.7394886606577783E-002
   4.9400000000000004       -8.2776951910038324E-003  -9.3559987753120098E-003   4.4495123422010124E-003  -2.8328792241075759E-002   1.7863732536640496E-002  -1.5953469489146440E-002   1.5814621930988278E-003   1.4777006294448648E-002   1.3059387099296681E-002  -1.6839797715656250E-002
   4.9600000000000000       -8.5191396722251907E-003  -9.1186772492786138E-003   4.5582236082753773E-003  -2.8532463876137778E-002   1.9276072220037133E-002  -1.6251491505435436E-002   3.0770522126419607E-003   1.4889282200160002E-002   1.2700568743396277E-002  -1.6846447816457825E-002
   4.9800000000000004       -8.5678383872762783E-003  -8.8817767155950512E-003   4.5005914296634020E-003  -2.7819940753941459E-002   1.9759425520696875E-002  -1.5701554404775477E-002   3.8923555653935650E-003   1.5738919464985436E-002   1.2899066966935529E-002  -1.6813488532130185E-002
   5.0000000000000000       -9.1796717479022821E-003  -7.7032126708493518E-003   4.7102132680010124E-003  -2.6121198444293541E-002   1.9903037455884887E-002  -1.5544531380076117E-002   3.3398181686889899E-003   1.5512948947466836E-002   1.2936779453345022E-002  -1.4916880480187533E-002
