        5000  0.29333291025740998        3.3029446505009343E-003   1.3150539224199700        8.3917404680713861E-002  0.39976341151658223        8.4143756931825252E-003
       10000  0.29268736859494249        2.3308020516178809E-003   1.2371259234372349        4.8222483907253630E-002  0.40095393028358589        5.9262660778163353E-003
       15000  0.29181253350841313        1.9065654315385972E-003   1.2474014951516876        3.7112019318363734E-002  0.40637115274304647        4.8476279893615347E-003
       20000  0.29127892988203063        1.6494942979610647E-003   1.2963957863213060        4.3547448985483947E-002  0.40725861447453943        4.2106690425561142E-003
       25000  0.29029151972376582        1.4716783075151136E-003   1.3488896282004792        4.7696468725433212E-002  0.40843299243634318        3.7625668656214428E-003
       30000  0.28862500514945211        1.3384317609386848E-003   1.3385547915747089        4.1633304703925490E-002  0.40856493715531156        3.4357744519204997E-003
       35000  0.28808819529096447        1.2353084343612792E-003   1.3447621456835086        3.8492147398390533E-002  0.40967907942814213        3.1817608665211075E-003
       40000  0.28828105382979563        1.1580863945797749E-003   1.3363678615191297        3.4423393487129056E-002  0.40996681505022708        2.9771870623232252E-003
       45000  0.28811102880351458        1.0910651074456210E-003   1.3282443342151915        3.1324270459735355E-002  0.40989260856596171        2.8080033121690227E-003
       50000  0.28821192286803365        1.0359569813985423E-003   1.3245246540551330        2.8966963416654695E-002  0.40984001235848744        2.6644988850957688E-003
       55000  0.28833722466451811        9.8767520242107809E-004   1.3346963648412367        2.7740948425635632E-002  0.41020209010182562        2.5420183206766507E-003
       60000  0.28849696250732892        9.4636551286799982E-004   1.3377758432075146        2.6682317319483007E-002  0.40956219059656446        2.4320542394748405E-003
       65000  0.28820902354232059        9.0748782492730041E-004   1.3349697139749306        2.5164428302404694E-002  0.40912297935745429        2.3353214090149794E-003
       70000  0.28810928110899375        8.7407581489870926E-004   1.3256511613491406        2.3635023772137855E-002  0.40924024963294775        2.2500220928347425E-003
       75000  0.28817629408679130        8.4397201670270586E-004   1.3563961882148148        3.4021691786579100E-002  0.40944389443642887        2.1736984155297256E-003
       80000  0.28810852688072558        8.1700554462113496E-004   1.3554076900727841        3.2403084404225242E-002  0.40970271113606160        2.1054443349779010E-003
       85000  0.28774667818339206        7.9139940221584432E-004   1.3583247200404738        3.0985251200819075E-002  0.40889782564796506        2.0404883581145177E-003
       90000  0.28752743575749434        7.6797820333829162E-004   1.3515036089524872        2.9431141037233290E-002  0.40812947983997933        1.9808248801694035E-003
       95000  0.28713459990306012        7.4656353827989407E-004   1.3479834631729115        2.8336591099851129E-002  0.40856701189226868        1.9285202282798809E-003
      100000  0.28724182807850251        7.2814735626764847E-004   1.3501224026006973        2.7282800849221880E-002  0.40878921225977588        1.8797682468928195E-003
      105000  0.28713249833367083        7.1062520649886271E-004   1.3603480890965436        2.7964148751162415E-002  0.40870340677490041        1.8348547870048681E-003
      110000  0.28707305326782173        6.9377648988722216E-004   1.3570796803164211        2.6938721250097164E-002  0.40938258906964264        1.7937811749533803E-003
      115000  0.28728832096652324        6.7925550205889243E-004   1.3559002866700602        2.5961767502109524E-002  0.40950653278041460        1.7543034927136360E-003
      120000  0.28730468225165767        6.6486384667927955E-004   1.3596528644384867        2.5935970291518329E-002  0.40938617825698259        1.7172714286910024E-003
      125000  0.28758723737641262        6.5238267263839210E-004   1.3613873537179109        2.5212227467031358E-002  0.40940398010029605        1.6822655602639128E-003
      130000  0.28738931481548563        6.3940418610295856E-004   1.3622224560226373        2.4427530467207238E-002  0.40913756841444293        1.6491803488013841E-003
      135000  0.28730952368120866        6.2732676753914768E-004   1.3761735699434041        2.4802913456328814E-002  0.40894113665517423        1.6176230677585237E-003
      140000  0.28728358287125888        6.1628311272966341E-004   1.3705188381237858        2.3980166829153556E-002  0.40864229805368374        1.5880306948373400E-003
      145000  0.28736112751406845        6.0574835332326043E-004   1.3683342257596944        2.3288050546477521E-002  0.40868862865406674        1.5607083822203719E-003
      150000  0.28722765137112272        5.9548338397186814E-004   1.3736492275611030        2.2806406300129554E-002  0.40869915116176420        1.5343640988865373E-003
      155000  0.28731295731823181        5.8610776771601412E-004   1.3690118893647523        2.2139260560631854E-002  0.40860170994362838        1.5094365648568764E-003
      160000  0.28723326180916003        5.7670850301868258E-004   1.3743060920120016        2.2114613462636053E-002  0.40883400058240932        1.4860576147789943E-003
      165000  0.28724620444089238        5.6791899917798996E-004   1.3722524368958073        2.1564086178548627E-002  0.40885640125723000        1.4639757859238811E-003
      170000  0.28729820049904059        5.5969340896459678E-004   1.3775944229660928        2.1321846693651735E-002  0.40903283747505803        1.4422384749911206E-003
      175000  0.28721730794470196        5.5138900491066367E-004   1.3726333268027708        2.0781293190658925E-002  0.40925064514093423        1.4214964104849513E-003
      180000  0.28732264022368054        5.4391366095827957E-004   1.3723253249324467        2.0328019742373808E-002  0.40950513537790312        1.4015749563449972E-003
      185000  0.28723298047027696        5.3639373840289929E-004   1.3736780237252262        1.9901192255515097E-002  0.40987849407237181        1.3826793897051136E-003
      190000  0.28719989255459966        5.2930226006997700E-004   1.3784661587000691        2.0115093164397798E-002  0.41039587546784534        1.3650320720300386E-003
      195000  0.28730645266427274        5.2245910212675342E-004   1.3740930287323783        1.9669595207594388E-002  0.41049422663686069        1.3472915990352244E-003
      200000  0.28712385246637795        5.1548249303070182E-004   1.3733000113325184        1.9249545423916450E-002  0.41047452039414667        1.3303485499150407E-003
      205000  0.28708577323311252        5.0900828618379035E-004   1.3724016008436137        1.8865903316010298E-002  0.41095214977812455        1.3145491138027785E-003
      210000  0.28699843585702561        5.0271649735194755E-004   1.3735705709641262        1.8983587708545555E-002  0.41093034733080724        1.2984977453668342E-003
      215000  0.28699804425622066        4.9690473702268903E-004   1.3715200509201460        1.8602364641036834E-002  0.41102608873493907        1.2833254808151812E-003
      220000  0.28694197245227970        4.9105154783058889E-004   1.3712977908577177        1.8247973858336552E-002  0.41070584862408155        1.2682593862702290E-003
      225000  0.28699406205392641        4.8548301424706299E-004   1.3759586145183320        1.8267220166974431E-002  0.41060515600404357        1.2540189361614730E-003
      230000  0.28706480525067923        4.8033763081744164E-004   1.3770060474259880        1.8482709069918488E-002  0.41081797156649447        1.2405121364774175E-003
      235000  0.28697011291646868        4.7510230013463636E-004   1.3813408418118647        1.8353145180465651E-002  0.41063456745499816        1.2269070986301689E-003
      240000  0.28697988968774990        4.7015908223921972E-004   1.3897220870241365        1.9213201943360497E-002  0.41063622434697883        1.2142684246431604E-003
      245000  0.28703779737911422        4.6542035048972288E-004   1.3895009628506823        1.8991067908664040E-002  0.41029491338962853        1.2016249932639180E-003
      250000  0.28702333407046721        4.6062964070035502E-004   1.3883916391675342        1.8685924292613544E-002  0.41035953383055412        1.1896214708199328E-003
      255000  0.28694341210177621        4.5609749729677476E-004   1.3862900138668623        1.8365599079505301E-002  0.41039162618892044        1.1779929705801396E-003
      260000  0.28684117042164103        4.5153198631830375E-004   1.3862244236021604        1.8123793613354786E-002  0.41052804539939725        1.1667981148759344E-003
      265000  0.28666657620485803        4.4702589812105949E-004   1.3869100743653364        1.7838036234533824E-002  0.41078030260196491        1.1560041659067373E-003
      270000  0.28679242842529090        4.4303576844923631E-004   1.3859450509124593        1.7578971104350766E-002  0.41081687257576799        1.1452112204913536E-003
      275000  0.28675793934792576        4.3894229031536859E-004   1.3863926016174479        1.7375640176201738E-002  0.41065082041035011        1.1346078926838831E-003
      280000  0.28690246259290342        4.3510351806448194E-004   1.3855148110876814        1.7221493492156511E-002  0.41071838240914499        1.1246288024809742E-003
      285000  0.28688483462988451        4.3138369138093354E-004   1.3834370932605757        1.6944934289947689E-002  0.41079368857976906        1.1147697535372695E-003
      290000  0.28697152390123226        4.2781909322528114E-004   1.3832475814267136        1.6704587003690145E-002  0.41085757066220008        1.1051664836040761E-003
      295000  0.28694166353083800        4.2407910317042322E-004   1.3843155330161818        1.6549988387341164E-002  0.41079311428926790        1.0955411815374485E-003
      300000  0.28688246389130662        4.2039484367344392E-004   1.3866691009640433        1.6852554601741027E-002  0.41087079026677764        1.0864875604874606E-003
      305000  0.28687098573656922        4.1693908331987873E-004   1.3862264797486183        1.6669866326314581E-002  0.41079292663550898        1.0772597828966704E-003
      310000  0.28683788217029366        4.1362296373788159E-004   1.3863185425976390        1.6449181244511064E-002  0.41073169582682945        1.0684313416164395E-003
      315000  0.28684153684579294        4.1037765110136452E-004   1.3836815231053519        1.6210216987627563E-002  0.41077911804014661        1.0599903159154013E-003
      320000  0.28687649462281567        4.0709543700673598E-004   1.3816418809832085        1.5989719682842043E-002  0.41095087071907749        1.0518222162509804E-003
      325000  0.28693492315030550        4.0400701372217467E-004   1.3816243852610239        1.5782480436932245E-002  0.41091067971652062        1.0436225188029532E-003
      330000  0.28690531546298148        4.0086537382481873E-004   1.3825498550498416        1.5698531725242361E-002  0.41096227586989242        1.0356391593536263E-003
      335000  0.28692300711484886        3.9788546442702256E-004   1.3821226460952771        1.5513766133832950E-002  0.41104476824540215        1.0280114492967048E-003
      340000  0.28695180441520196        3.9496788824042552E-004   1.3833489992803800        1.5558511356795306E-002  0.41080016027212807        1.0201921300308340E-003
      345000  0.28694528170336264        3.9212907923397925E-004   1.3863495379959154        1.5840581963377207E-002  0.41071270203916721        1.0124966014260683E-003
      350000  0.28692075131033229        3.8932742318238130E-004   1.3892741080208402        1.5752686554419408E-002  0.41047270307793338        1.0050157012291537E-003
      355000  0.28685314151062469        3.8650680219982854E-004   1.3889366181956515        1.5585256308119912E-002  0.41040654378976105        9.9768463368600838E-004
      360000  0.28682901655749848        3.8374383532796996E-004   1.3903154993000302        1.5580833120975170E-002  0.41040788207367807        9.9073108590785495E-004
      365000  0.28680350198531945        3.8108265887811627E-004   1.3890839605235743        1.5403082964307471E-002  0.41026694516576978        9.8377458740458025E-004
      370000  0.28681220974061505        3.7849846913162250E-004   1.3926681613046956        1.5825775754499657E-002  0.41034478522450279        9.7719891947916715E-004
      375000  0.28688744534748845        3.7597993949513953E-004   1.3934354812456788        1.5749913999154479E-002  0.41026291352109806        9.7069843300636989E-004
      380000  0.28690151172953254        3.7347677519761685E-004   1.3922468929880776        1.5568548340474182E-002  0.41014370299029285        9.6419003831832515E-004
      385000  0.28684561553645327        3.7101865081055473E-004   1.3935344709236679        1.5413043938733634E-002  0.41010120969688463        9.5792487584739979E-004
      390000  0.28681561365443325        3.6856429110844441E-004   1.3954121913352941        1.5325616669427321E-002  0.40996574056517843        9.5166800107544650E-004
      395000  0.28679823259082488        3.6618499893758817E-004   1.3959779800675554        1.5201328280167011E-002  0.40990932815974479        9.4557147273594011E-004
      400000  0.28680099419222288        3.6395645775146517E-004   1.3974616332871621        1.5133391808154558E-002  0.40998937092545151        9.3963140454374813E-004
      405000  0.28680698958097561        3.6158978014593011E-004   1.3970386526153491        1.5022172183017513E-002  0.40990494958476981        9.3377753488330096E-004
      410000  0.28676470346609723        3.5932136948699803E-004   1.3988816630567862        1.5047187602691310E-002  0.40980986164112931        9.2799021606364285E-004
      415000  0.28669531655173947        3.5704808837197424E-004   1.3975366408242209        1.4886677397138353E-002  0.40969925742493446        9.2224859075270031E-004
      420000  0.28673966731832307        3.5485545332263632E-004   1.3957468970062779        1.4737689507592740E-002  0.40959718748730095        9.1663801874097730E-004
      425000  0.28677112125495779        3.5282179802852370E-004   1.3966828663321900        1.4648415966532829E-002  0.40956608447057496        9.1123221775896894E-004
      430000  0.28675518162919733        3.5075977520300538E-004   1.3947755349440514        1.4489918945226846E-002  0.40957904930637418        9.0594840195685773E-004
      435000  0.28674545803129281        3.4869988211465964E-004   1.3935541840946408        1.4360442122675451E-002  0.40955869052383992        9.0074323663919497E-004
      440000  0.28672324607278604        3.4671622739933705E-004   1.3928305404113137        1.4226719652598587E-002  0.40962976128680773        8.9557021696906808E-004
      445000  0.28680732844572382        3.4482747370834032E-004   1.3917685475524417        1.4106554520137848E-002  0.40936809734830459        8.9023548324590517E-004
      450000  0.28676003939817041        3.4284809769871536E-004   1.3933512055835116        1.4078643680320854E-002  0.40923165712465942        8.8513255564173039E-004
      455000  0.28673925544697015        3.4096781053713650E-004   1.3923930774888205        1.3952360208081389E-002  0.40932697332091139        8.8029693135504412E-004
      460000  0.28669233916662690        3.3905485478245547E-004   1.3927991298859588        1.3872223874716238E-002  0.40934704572853242        8.7543121928398667E-004
      465000  0.28673040476504258        3.3722092293619372E-004   1.3962931463737793        1.3932219760008632E-002  0.40924088516982599        8.7059717026297264E-004
      470000  0.28668949127825660        3.3542868910278029E-004   1.3962761286564835        1.3813844168363381E-002  0.40915685245295308        8.6581669764334776E-004
      475000  0.28664953512466429        3.3359607025449148E-004   1.3970485140313931        1.3794224847803379E-002  0.40919238840740746        8.6129499401083520E-004
      480000  0.28668021550112432        3.3188374727578665E-004   1.3950257358213412        1.3664232696256518E-002  0.40932082569133832        8.5691576969661371E-004
      485000  0.28671670325134019        3.3021551203343727E-004   1.3952887902125930        1.3610109943390489E-002  0.40930153331614999        8.5237917594024708E-004
      490000  0.28670824930638317        3.2854531483442862E-004   1.3948006197128562        1.3533767595257545E-002  0.40927850367725210        8.4802414390615041E-004
      495000  0.28674323960986214        3.2685016613383130E-004   1.3981954098930087        1.3910805378868627E-002  0.40934889304350447        8.4382104469769360E-004
      500000  0.28669902091702437        3.2521089087088139E-004   1.3989494297675196        1.3795407045780800E-002  0.40937397820736149        8.3964305543952357E-004
      505000  0.28669100481160198        3.2354957347858012E-004   1.3989680230217738        1.3727162645714828E-002  0.40923110747253899        8.3530717958771512E-004
      510000  0.28663368084071911        3.2192547781611098E-004   1.3996993307039594        1.3683340382384010E-002  0.40931667003879707        8.3132598530152066E-004
      515000  0.28660307889552106        3.2030649650769620E-004   1.4010903311370544        1.3635869687222612E-002  0.40919602859938375        8.2713519587183069E-004
      520000  0.28659461389610913        3.1871870503245744E-004   1.3992917105925033        1.3513051999745574E-002  0.40922471092080176        8.2317364905652929E-004
      525000  0.28655334595355408        3.1717929029809736E-004   1.3993460789063914        1.3422545957554058E-002  0.40927940129832380        8.1925113606950192E-004
      530000  0.28659200619706737        3.1562342092696436E-004   1.3974762504653375        1.3306805985954937E-002  0.40920994879563921        8.1530149214051112E-004
      535000  0.28663180174522968        3.1416854021572234E-004   1.3960371504649844        1.3196003625652316E-002  0.40903249204171627        8.1136165369373122E-004
      540000  0.28662770065449689        3.1274036558708327E-004   1.3962215426147651        1.3151022135739789E-002  0.40903661396922619        8.0761799410120939E-004
      545000  0.28663986705673644        3.1129945691700192E-004   1.3951129714801962        1.3043709700451184E-002  0.40896069535107138        8.0383505602555066E-004
      550000  0.28665242569657612        3.0987048434791942E-004   1.3950504331552971        1.2955151431566083E-002  0.40901762777457545        8.0025164437314477E-004
      555000  0.28667153983708776        3.0845583770560699E-004   1.3962659851185661        1.2959132768499687E-002  0.40917128644592665        7.9671197878737469E-004
      560000  0.28665312677771859        3.0705132370609852E-004   1.3947141688289748        1.2854118146745825E-002  0.40911023682061237        7.9313816763114430E-004
      565000  0.28665426868668553        3.0566759383551979E-004   1.3947010920955523        1.2764044619212036E-002  0.40919256485961969        7.8973074986397483E-004
      570000  0.28666875713106721        3.0432927335376290E-004   1.3941732071313677        1.2724692162798123E-002  0.40921276278647084        7.8626896548700525E-004
      575000  0.28667381177208856        3.0302472380604151E-004   1.3943053997076180        1.2634756832260627E-002  0.40914911653501318        7.8270448419218944E-004
      580000  0.28664465077918616        3.0173033425088337E-004   1.3965040999414122        1.2625469586356772E-002  0.40911530826988846        7.7934159155525716E-004
      585000  0.28667632273014704        3.0045863283181194E-004   1.3948778464102143        1.2526777906056179E-002  0.40920507964036029        7.7606700571433902E-004
      590000  0.28667752533250912        2.9920839906286443E-004   1.3943697141701308        1.2445237786646478E-002  0.40918084011643518        7.7272234985740432E-004
      595000  0.28671909574735610        2.9796999063945662E-004   1.3945592017253423        1.2360107463885106E-002  0.40916707517044526        7.6947585622995785E-004
      600000  0.28673862147300477        2.9670830289326989E-004   1.3935666085769702        1.2265551698385965E-002  0.40921891698051788        7.6635513558716555E-004
      605000  0.28672514521136960        2.9542436834336506E-004   1.3925963172998932        1.2174335874997432E-002  0.40913435869836634        7.6313867677779593E-004
      610000  0.28674130394952729        2.9421712195362243E-004   1.3916171463429385        1.2089827208391718E-002  0.40918644249228514        7.6006167353984729E-004
      615000  0.28673263243431474        2.9301387315460158E-004   1.3907339548049196        1.2003190972349682E-002  0.40930899269135651        7.5706624636955424E-004
      620000  0.28672327927836366        2.9178991312228062E-004   1.3914563134352014        1.1939174734210018E-002  0.40930714821084946        7.5400311891001351E-004
      625000  0.28669164699283467        2.9059848062379980E-004   1.3915464211841067        1.1867708847661286E-002  0.40932875511839240        7.5096499264840630E-004
      630000  0.28674169651820858        2.8950703501120270E-004   1.3924130145140245        1.1858154682612324E-002  0.40930396893533560        7.4795804181840601E-004
      635000  0.28678659622886382        2.8841880074321162E-004   1.3924275286599963        1.1810626617134116E-002  0.40934144934208844        7.4501706212055918E-004
      640000  0.28682222113215355        2.8728652495757317E-004   1.3916721884659895        1.1753214844141532E-002  0.40929177042100312        7.4210291314748104E-004
      645000  0.28684902877459029        2.8619879278528397E-004   1.3914102298643645        1.1689066066228720E-002  0.40926633688478675        7.3916662144081090E-004
      650000  0.28684304294236790        2.8510867396374561E-004   1.3919790670182022        1.1613160596250586E-002  0.40924619839766052        7.3631484630357286E-004
      655000  0.28686453296378273        2.8403751684026823E-004   1.3918965783749422        1.1673338291191769E-002  0.40933365188310145        7.3358220094213249E-004
      660000  0.28686327952910096        2.8302088877611091E-004   1.3910104803755055        1.1600743138943609E-002  0.40924974341749998        7.3073579714039204E-004
      665000  0.28686846546732270        2.8194049412341834E-004   1.3902191716288588        1.1522320699718333E-002  0.40927118057632633        7.2802516351440458E-004
      670000  0.28687117758229308        2.8086692765703046E-004   1.3901475862485027        1.1460506090113978E-002  0.40930521306008161        7.2537964319968184E-004
      675000  0.28687274334177360        2.7981000246021527E-004   1.3921240503560155        1.1431596403020838E-002  0.40919543178441581        7.2262037691001512E-004
      680000  0.28685288487644139        2.7876993722615698E-004   1.3912099313810331        1.1355783894726041E-002  0.40911200185153068        7.1988862949517042E-004
      685000  0.28681940588989974        2.7771440615927210E-004   1.3903359615210726        1.1281508139797133E-002  0.40910086685427921        7.1724719946461590E-004
      690000  0.28683124305344926        2.7668918687224944E-004   1.3893548318533815        1.1210825917633404E-002  0.40906292634298652        7.1461835927329393E-004
      695000  0.28689805271496471        2.7573231577778234E-004   1.3883394511377378        1.1139842203270597E-002  0.40906137779630064        7.1208185826161514E-004
      700000  0.28683792574592315        2.7468447969446587E-004   1.3889242312040500        1.1106063961724843E-002  0.40914221284484564        7.0962566982763723E-004
      705000  0.28683306535844444        2.7370103767939319E-004   1.3883191139832938        1.1037165029320273E-002  0.40914693666800966        7.0711354612850612E-004
      710000  0.28683129169942956        2.7274009346919624E-004   1.3870391368215367        1.0964917102893585E-002  0.40927665897710258        7.0471009891175617E-004
      715000  0.28680772528805065        2.7179309012829447E-004   1.3868089591810095        1.0898179181009373E-002  0.40930151915039176        7.0223743378769259E-004
      720000  0.28683059472701483        2.7085977782952418E-004   1.3862728547531720        1.0839023777232004E-002  0.40930572469966614        6.9982226961287457E-004
      725000  0.28678082915623204        2.6988669720146892E-004   1.3863197273135710        1.0779292843730984E-002  0.40922811747681309        6.9729312181739816E-004
      730000  0.28677425732909323        2.6896240257374867E-004   1.3862621200631577        1.0722964719676965E-002  0.40923312095579512        6.9488272111624340E-004
      735000  0.28676794252489812        2.6803588531829515E-004   1.3866323212487415        1.0682252510589579E-002  0.40928338505649942        6.9255182734982571E-004
      740000  0.28674880602327785        2.6710070533309254E-004   1.3855336124112345        1.0620491840987128E-002  0.40934945677048418        6.9022802716666863E-004
      745000  0.28674643839397324        2.6620626666822608E-004   1.3857333324052221        1.0572139554356333E-002  0.40932271515152835        6.8786559093349622E-004
      750000  0.28683231655627317        2.6540532447565476E-004   1.3847411524678388        1.0509136890031318E-002  0.40926145591474661        6.8552233058501502E-004
      755000  0.28681940252343674        2.6449914582701601E-004   1.3852364075309365        1.0525125626877687E-002  0.40918976397806123        6.8319108175974468E-004
      760000  0.28681962770380143        2.6362180558911534E-004   1.3858908700477510        1.0492981223858514E-002  0.40918932141924186        6.8099398119337163E-004
      765000  0.28683083081229177        2.6274332224879776E-004   1.3862150201187728        1.0479609278833256E-002  0.40920778583040296        6.7878610126444498E-004
      770000  0.28685420536326467        2.6187928627179811E-004   1.3866519863311955        1.0474712176658024E-002  0.40921690851280951        6.7658724026910938E-004
      775000  0.28686019395996476        2.6102558394062623E-004   1.3868218864327131        1.0449428979027344E-002  0.40914468659543124        6.7438462619091150E-004
      780000  0.28682638195633930        2.6019330716113630E-004   1.3863484439532581        1.0389843038369007E-002  0.40928688050943257        6.7234282032019386E-004
      785000  0.28683548674865600        2.5936615192966684E-004   1.3854152742800607        1.0333303129033345E-002  0.40942200778032689        6.7032486586787428E-004
      790000  0.28680437159852590        2.5850132643045847E-004   1.3849629296521713        1.0276797446459722E-002  0.40946091536424584        6.6821091203254446E-004
      795000  0.28675528512615189        2.5766970024099575E-004   1.3857715774274113        1.0230827881496259E-002  0.40955870987531057        6.6616746119622591E-004
      800000  0.28675975001186660        2.5685417445805791E-004   1.3850432135373418        1.0174439187285351E-002  0.40951654396807952        6.6403681273252549E-004
      805000  0.28677597776048802        2.5605374865430181E-004   1.3845693400520072        1.0120949922939736E-002  0.40952642929530064        6.6197921264834385E-004
      810000  0.28675101161476113        2.5523758984076657E-004   1.3845876061000943        1.0073931601342926E-002  0.40960334358188799        6.5993555893997661E-004
      815000  0.28673060405414619        2.5442711196480645E-004   1.3845948903690561        1.0023460624265606E-002  0.40956488088105142        6.5786936898099837E-004
      820000  0.28675327515071009        2.5368626624931365E-004   1.3839251225501434        9.9690018093711290E-003  0.40958453799496380        6.5590484280659959E-004
      825000  0.28679308027998790        2.5291598733924859E-004   1.3830324803316381        9.9178619947082221E-003  0.40962478917889955        6.5392338302150681E-004
      830000  0.28679658528953555        2.5215786093604487E-004   1.3831284447383350        9.8827070343746135E-003  0.40965168674120256        6.5199726045647754E-004
      835000  0.28682498347554619        2.5142056928824071E-004   1.3823812581714157        9.8315605078099100E-003  0.40968712043454508        6.5010035245150117E-004
      840000  0.28682015629378416        2.5066126696888949E-004   1.3820436925766078        9.7835125352213528E-003  0.40973701213251235        6.4821252428784362E-004
      845000  0.28681227399009873        2.4993317535205572E-004   1.3820718860648558        9.7358157225930636E-003  0.40972925140684974        6.4627415322138411E-004
      850000  0.28683773157038517        2.4923234212318845E-004   1.3828373944272994        9.7567212066399095E-003  0.40968098769695660        6.4435933015092326E-004
      855000  0.28683871159408464        2.4850538512483994E-004   1.3828659599707163        9.7254514441270316E-003  0.40975087139239602        6.4253804724797854E-004
      860000  0.28683798184664011        2.4777443421452315E-004   1.3820235303239115        9.6737829927663836E-003  0.40980045348317673        6.4070805563703744E-004
      865000  0.28684264749040178        2.4708930599830306E-004   1.3815199395103719        9.6251052145809070E-003  0.40984362902568811        6.3889603778345390E-004
      870000  0.28685405693347782        2.4636234578781133E-004   1.3808267279106763        9.5786027785565442E-003  0.40980656669321425        6.3703066164093347E-004
      875000  0.28683430347857897        2.4564339428564274E-004   1.3803393386923934        9.5349150925534559E-003  0.40976632891395759        6.3515157095934526E-004
      880000  0.28684340977656125        2.4493847156703715E-004   1.3815347941444132        9.5308000189169417E-003  0.40976177289861659        6.3331780488153023E-004
      885000  0.28683228083245355        2.4420967378196556E-004   1.3811537895178430        9.4894379135115926E-003  0.40965011983406596        6.3142537224401992E-004
      890000  0.28680992954536677        2.4352826520322959E-004   1.3808760668950009        9.4443770505297699E-003  0.40963275664261728        6.2959396390717566E-004
      895000  0.28681901392662013        2.4285270814093369E-004   1.3804062552548531        9.4006493050520241E-003  0.40967674791175218        6.2787263211226099E-004
      900000  0.28681801687463149        2.4218816249080277E-004   1.3812425486454358        9.3843732530419794E-003  0.40974498577733376        6.2618826886749312E-004
      905000  0.28679588857923233        2.4149968896293464E-004   1.3807781765099796        9.3381943872282470E-003  0.40981461458222757        6.2450826650552605E-004
      910000  0.28681861753274102        2.4085015252669275E-004   1.3802232893688280        9.2947869992820054E-003  0.40979693120074762        6.2281520229149376E-004
      915000  0.28680017939258678        2.4017306253100868E-004   1.3796212155643399        9.2501576484157171E-003  0.40975654493204250        6.2110152584315373E-004
      920000  0.28678236827035797        2.3952010399948522E-004   1.3793628283952046        9.2105776924098926E-003  0.40974544663656515        6.1940088957591368E-004
      925000  0.28676728718701600        2.3884831437790340E-004   1.3791693581275164        9.1800988976363553E-003  0.40981618620994115        6.1777787430752917E-004
      930000  0.28678949986124463        2.3824036009895290E-004   1.3782321085453975        9.1356263828601802E-003  0.40981131463585124        6.1611100057650664E-004
      935000  0.28682632918180900        2.3763118117817942E-004   1.3779096108730207        9.0993301522292978E-003  0.40970104396525464        6.1441995828828667E-004
      940000  0.28681451447312162        2.3699854171413236E-004   1.3782466365446135        9.0624182222638506E-003  0.40960350529245193        6.1273451374202958E-004
      945000  0.28681867417966289        2.3637429311792492E-004   1.3779401871667050        9.0241033794392616E-003  0.40953464196628758        6.1107216676522158E-004
      950000  0.28681266626587210        2.3574260135521879E-004   1.3774800791639266        8.9835259353054833E-003  0.40944268488106916        6.0939730100553898E-004
      955000  0.28679344108892313        2.3510917043195634E-004   1.3791718340387105        8.9966590431224489E-003  0.40946028231730341        6.0782666389602616E-004
      960000  0.28683655507638139        2.3452316243047818E-004   1.3784027574262887        8.9568089557323059E-003  0.40941072692588326        6.0618792824345476E-004
      965000  0.28682654526454393        2.3389039602830363E-004   1.3781855305860962        8.9187378869987604E-003  0.40949185162970442        6.0467830806088896E-004
      970000  0.28682574638856490        2.3327923696432281E-004   1.3777684555540082        8.8837871435875175E-003  0.40951837267835506        6.0312605602688956E-004
      975000  0.28682329381923288        2.3269601883527778E-004   1.3773590917057772        8.8451443384000294E-003  0.40950812107686624        6.0159343101262119E-004
      980000  0.28681931658541965        2.3208732876979762E-004   1.3771376016453922        8.8098479773198544E-003  0.40947157993557942        6.0003304901256422E-004
      985000  0.28679452953937223        2.3147559748006743E-004   1.3767420255662952        8.7799496132387137E-003  0.40939355720935672        5.9845890245008825E-004
      990000  0.28680014879925303        2.3088999235682716E-004   1.3761939588329679        8.7417788200111791E-003  0.40938782746596442        5.9694919056301366E-004
      995000  0.28681222133807999        2.3029896172451696E-004   1.3761460214781336        8.7151430185599382E-003  0.40935416647264539        5.9542569235362540E-004
     1000000  0.28678091739800787        2.2969669457924741E-004   1.3762353341608129        8.6863027886983080E-003  0.40932413803533219        5.9391418743328240E-004
     1005000  0.28678032371479956        2.2913778275823003E-004   1.3765030166479677        8.6602961594014986E-003  0.40936181710102609        5.9243574459937867E-004
     1010000  0.28677624966672566        2.2857335741268282E-004   1.3760496914319000        8.6250752622123693E-003  0.40935018958613301        5.9098935224467840E-004
     1015000  0.28676737021731602        2.2799176741811165E-004   1.3766620068160147        8.6286842940371828E-003  0.40936127661257588        5.8951866675005385E-004
     1020000  0.28677250084328848        2.2743598233059171E-004   1.3760677108974391        8.5909063109832016E-003  0.40936472440017491        5.8809244402027391E-004
     1025000  0.28676087862498306        2.2687965349930278E-004   1.3758132239009411        8.5566712174800687E-003  0.40939712288537422        5.8665151583345569E-004
     1030000  0.28677307556837206        2.2633702171989084E-004   1.3755900819252225        8.5249246858816134E-003  0.40939898308175865        5.8523380063818476E-004
     1035000  0.28678494299958529        2.2579051556277549E-004   1.3748845836970585        8.4884658598214750E-003  0.40941850863513374        5.8382519790147413E-004
     1040000  0.28676143520008002        2.2523301125811315E-004   1.3756093673702425        8.4720170762933086E-003  0.40937393003130212        5.8237760350277599E-004
     1045000  0.28678579909381380        2.2471993037618220E-004   1.3760665234959621        8.4542267012124167E-003  0.40936139545381556        5.8098782536993997E-004
     1050000  0.28678624984072221        2.2419540152916265E-004   1.3764884882336410        8.4360721597740718E-003  0.40938854673646519        5.7963670410011579E-004
