           1   207.73832375662803     
           2   206.75262900211948     
           3   205.76700180543224     
           4   204.78144280302038     
           5   203.79595264032960     
           6   202.81053197196692     
           7   201.82518146187419     
           8   200.83990178350567     
           9   199.85469362000995     
          10   198.86955766441628     
          11   197.88449461982512     
          12   196.89950519960362     
          13   195.91459012758563     
          14   194.92975013827657     
          15   193.94498597706360     
          16   192.96029840043056     
          17   191.97568817617861     
          18   190.99115608365213     
          19   190.00670291397029     
          20   189.02232947026451     
          21   188.03803656792195     
          22   187.05382503483500     
          23   186.06969571165735     
          24   185.08564945206641     
          25   184.10168712303269     
          26   183.11780960509603     
          27   182.13401779264902     
          28   181.15031259422793     
          29   180.16669493281114     
          30   179.18316574612561     
          31   178.19972598696143     
          32   177.21637662349465     
          33   176.23311863961905     
          34   175.24995303528655     
          35   174.26688082685715     
          36   173.28390304745818     
          37   172.30102074735353     
          38   171.31823499432303     
          39   170.33554687405237     
          40   169.35295749053378     
          41   168.37046796647815     
          42   167.38807944373855     
          43   166.40579308374592     
          44   165.42361006795704     
          45   164.44153159831541     
          46   163.45955889772543     
          47   162.47769321054031     
          48   161.49593580306416     
          49   160.51428796406879     
          50   159.53275100532593     
          51   158.55132626215496     
          52   157.57001509398717     
          53   156.58881888494693     
          54   155.60773904445034     
          55   154.62677700782208     
          56   153.64593423693120     
          57   152.66521222084620     
          58   151.68461247651069     
          59   150.70413654943982     
          60   149.72378601443867     
          61   148.74356247634304     
          62   147.76346757078403     
          63   146.78350296497666     
          64   145.80367035853405     
          65   144.82397148430775     
          66   143.84440810925545     
          67   142.86498203533699     
          68   141.88569510043985     
          69   140.90654917933537     
          70   139.92754618466688     
          71   138.94868806797081     
          72   137.96997682073243     
          73   136.99141447547748     
          74   136.01300310690115     
          75   135.03474483303592     
          76   134.05664181645992     
          77   133.07869626554762     
          78   132.10091043576440     
          79   131.12328663100692     
          80   130.14582720499138     
          81   129.16853456269158     
          82   128.19141116182905     
          83   127.21445951441738     
          84   126.23768218836319     
          85   125.26108180912628     
          86   124.28466106144155     
          87   123.30842269110548     
          88   122.33236950683002     
          89   121.35650438216705     
          90   120.38083025750653     
          91   119.40535014215189     
          92   118.43006711647604     
          93   117.45498433416201     
          94   116.48010502453202     
          95   115.50543249496933     
          96   114.53097013343711     
          97   113.55672141109936     
          98   112.58268988504848     
          99   111.60887920114490     
         100   110.63529309697439     
         101   109.66193540492871     
         102   108.68881005541596     
         103   107.71592108020714     
         104   106.74327261592590     
         105   105.77086890768881     
         106   104.79871431290402     
         107   103.82681330523664     
         108   102.85517047874946     
         109   101.88379055222859     
         110   100.91267837370387     
         111   99.941838925174494     
         112   98.971277327551249     
         113   98.000998845827226     
         114   97.031008894489673     
         115   96.061313043186672     
         116   95.091917022662983     
         117   94.122826730980478     
         118   93.154048240039543     
         119   92.185587802419136     
         120   91.217451858554057     
         121   90.249647044269594     
         122   89.282180198694931     
         123   88.315058372578193     
         124   87.348288837027781     
         125   86.381879092706200     
         126   85.415836879504710     
         127   84.450170186728997     
         128   83.484887263828412     
         129   82.519996631703705     
         130   81.555507094630812     
         131   80.591427752841128     
         132   79.627768015801834     
         133   78.664537616243138     
         134   77.701746624983045     
         135   76.739405466604353     
         136   75.777524936042738     
         137   74.816116216149851     
         138   73.855190896300357     
         139   72.894760992117739     
         140   71.934838966399838     
         141   70.975437751332066     
         142   70.016570772083696     
         143   69.058251971891053     
         144   68.100495838740343     
         145   67.143317433773134     
         146   66.186732421548427     
         147   65.230757102307450     
         148   64.275408446400917     
         149   63.320704131053233     
         150   62.366662579654914     
         151   61.413303003792493     
         152   60.460645448245771     
         153   59.508710839204738     
         154   58.557521035983683     
         155   57.607098886538068     
         156   56.657468287120999     
         157   55.708654246451097     
         158   54.760682954802732     
         159   53.813581858473455     
         160   52.867379740132726     
         161   51.922106805611314     
         162   50.977794777753282     
         163   50.034476998022662     
         164   49.092188536636513     
         165   48.150966312085949     
         166   47.210849221008750     
         167   46.271878279493137     
         168   45.334096777024016     
         169   44.397550444433428     
         170   43.462287637388776     
         171   42.528359537148937     
         172   41.595820370544033     
         173   40.664727651393889     
         174   39.735142445879021     
         175   38.807129664722822     
         176   37.880758385442995     
         177   36.956102208393190     
         178   36.033239650854426     
         179   35.112254584063564     
         180   34.193236718799760     
         181   33.276282146009528     
         182   32.361493939960944     
         183   31.448982832607687     
         184   30.538867969249267     
         185   29.631277757239722     
         186   28.726350821476530     
         187   27.824237082760902     
         188   26.925098977941584     
         189   26.029112844137256     
         190   25.136470493402857     
         191   24.247381009117422     
         192   23.362072801318931     
         193   22.480795965436663     
         194   21.603824997675964     
         195   20.731461931073468     
         196   19.864039969439226     
         197   19.001927712635194     
         198   18.145534086660870     
         199   17.295314116774762     
         200   16.451775712564508     
         201   15.615487671977847     
         202   14.787089158694979     
         203   13.967300966150276     
         204   13.156938954798532     
         205   12.356930140243126     
         206   11.568332022597231     
         207   10.792355886572700     
         208   10.030394972599415     
         209   9.2840586279935557     
         210   8.5552138020143271     
         211   7.8460355635015793     
         212   7.1590687255768142     
         213   6.4973032360749583     
         214   5.8642669265339027     
         215   5.2641409409890638     
         216   4.7019065521967374     
         217   4.1835385763768960     
         218   3.7162721477832470     
         219   3.3089856372517263     
         220   2.9727276940397105     
         221   2.7210530433275277     
         222   2.5673155055109120     
         223   2.5082572992156829     
         224   2.5001420472176541     
         225   2.5000000428833933     
         226   2.5000000000000036     
         227   2.4999999999999996     
