 Tin 0
           0   0.0000000000000000     
           1  0.32591049100994263     
           2  0.56961900007434962     
           3  0.77405972001759338     
           4  0.95770103514651517     
           5   1.1273888366037768     
           6   1.2867354737823817     
           7   1.4386810048789660     
           8   1.5847676201238325     
           9   1.7262420603853770     
          10   1.8640932806073722     
          11   1.9988568939759421     
          12   2.1312141739123955     
          13   2.2922693996715253     
          14   2.4768355603998549     
          15   2.6806845640321959     
          16   2.8994218317186569     
          17   3.1292476770366084     
          18   3.3669017084026125     
          19   3.6097861715928778     
          20   3.8557793000577569     
          21   4.1032303656375699     
          22   4.3508494300555025     
          23   4.5976419841539444     
          24   4.8428435887222800     
          25   5.0858748337736808     
          26   5.3263001519929229     
          27   5.5637988013428341     
          28   5.7981408168443345     
          29   6.0292009579763661     
          30   6.2569527254779613     
          31   6.4814452851197935     
          32   6.7027813605477569     
          33   6.9210972348996727     
          34   7.1365497524077615     
          35   7.3493060665807697     
          36   7.5595346261190572     
          37   7.7673985480512524     
          38   7.9730513346962395     
          39   8.1766341224477408     
          40   8.3782741797422169     
          41   8.5780843610216380     
          42   8.7761299397173254     
          43   8.9724435356307612     
          44   9.1670447895348914     
          45   9.3599429033208885     
          46   9.5511336896365400     
          47   9.7406040207197790     
          48   9.9283350872196241     
          49   10.114303563156959     
          50   10.298483416959712     
          51   10.480847189930172     
          52   10.661366981794233     
          53   10.840015288871417     
          54   11.016765616909971     
          55   11.191592963569967     
          56   11.364474168844218     
          57   11.535388165618723     
          58   11.704316147049319     
          59   11.871241666686933     
          60   12.036150685260527     
          61   12.199031574778392     
          62   12.359875089469938     
          63   12.518674311010070     
          64   12.675424574366120     
          65   12.830123379340064     
          66   12.982770291994134     
          67   13.133366839333227     
          68   13.281916399972165     
          69   13.428424092959810     
          70   13.572896666476495     
          71   13.715342387747546     
          72   13.855770935210183     
          73   13.994193293716805     
          74   14.130621653351172     
          75   14.265069312266164     
          76   14.397550583816715     
          77   14.528080708151489     
          78   14.656675768340497     
          79   14.783352611046528     
          80   14.908128771694571     
          81   15.031022404052115     
          82   15.152052214101259     
          83   15.271237398061087     
          84   15.388597584401849     
          85   15.504152779681631     
          86   15.617923318029591     
          87   15.729929814096646     
          88   15.840193119293932     
          89   15.948734281141281     
          90   16.055574505551210     
          91   16.160735121878524     
          92   16.264237550571380     
          93   16.366103273265573     
          94   16.466353805170733     
          95   16.565010669603936     
          96   16.662095374533159     
          97   16.757629391000371     
          98   16.851634133300685     
          99   16.944130940801251     
         100   17.035141061289821     
         101   17.124685635749834     
         102   17.212785684464713     
         103   17.299462094360280     
         104   17.384735607499664     
         105   17.468626810650662     
         106   17.551156125850582     
         107   17.632343801898216     
         108   17.712209906707692     
         109   17.790774320462649     
         110   17.868056729513654     
         111   17.944076620965376     
         112   18.018853277903844     
         113   18.092405775217053     
         114   18.164752975965811     
         115   18.235913528264216     
         116   18.305905862632208     
         117   18.374748189785130     
         118   18.442458498827371     
         119   18.509054555819901     
         120   18.574553902692976     
         121   18.638973856477996     
         122   18.702331508833371     
         123   18.764643725841914     
         124   18.825927148058121     
         125   18.886198190785521     
         126   18.945473044565666     
         127   19.003767675861269     
         128   19.061097827917852     
         129   19.117479021788423     
         130   19.172926557507807     
         131   19.227455515403214     
         132   19.281080757529409     
         133   19.333816929216869     
         134   19.385678460722840     
         135   19.436679568975357     
         136   19.486834259401274     
         137   19.536156327829893     
         138   19.584659362464386     
         139   19.632356745913757     
         140   19.679261657278524     
         141   19.725387074283923     
         142   19.770745775454763     
         143   19.815350342326525     
         144   19.859213161687652     
         145   19.902346427848382     
         146   19.944762144931854     
         147   19.986472129183291     
         148   20.027488011293759     
         149   20.067821238734858     
         150   20.107483078101318     
         151   20.146484617458356     
         152   20.184836768691355     
         153   20.222550269854878     
         154   20.259635687519228     
         155   20.296103419112008     
         156   20.331963695252782     
         157   20.367226582079212     
         158   20.401901983562713     
         159   20.435999643812281     
         160   20.469529149365052     
         161   20.502499931462239     
         162   20.534921268309290     
         163   20.566802287319312     
         164   20.598151967338609     
         165   20.628979140853573     
         166   20.659292496178043     
         167   20.689100579620579     
         168   20.718411797630758     
         169   20.747234418924126     
         170   20.775576576585216     
         171   20.803446270148193     
         172   20.830851367654613     
         173   20.857799607688314     
         174   20.884298601386529     
         175   20.910355834427733     
         176   20.935978668995322     
         177   20.961174345717360     
         178   20.985949985582177     
         179   21.010312591829670     
         180   21.034269051818249     
         181   21.057826138867441     
         182   21.080990514076106     
         183   21.103768728116208     
         184   21.126167223002355     
         185   21.148192333837024     
         186   21.169850290531503     
         187   21.191147219502817     
         188   21.212089145346674     
         189   21.232681992486405     
         190   21.252931586798390     
         191   21.272843657213674     
         192   21.292423837296376     
         193   21.311677666798730     
         194   21.330610593193185     
         195   21.349227973181623     
         196   21.367535074181763     
         197   21.385537075791568     
         198   21.403239071230871     
         199   21.420646068761492     
         200   21.437762993085261     
         201   21.454594686720725     
         202   21.471145911358391     
         203   21.487421349195110     
         204   21.503425604247372     
         205   21.519163203644336     
         206   21.534638598900337     
         207   21.549856167167384     
         208   21.564820212467914     
         209   21.579534966907762     
         210   21.594004591870195     
         211   21.608233179190421     
         212   21.622224752311716     
         213   21.635983267422709     
         214   21.649512614576548     
         215   21.662816618791812     
         216   21.675899041135921     
         217   21.688763579790763     
         218   21.701413871100996     
         219   21.713853490605572     
         220   21.726085954052159     
         221   21.738114718395192     
         222   21.749943182777500     
         223   21.761574689495966     
         224   21.773012524951213     
         225   21.784259920581842     
         226   21.795320053783222     
         227   21.806196048811074     
         228   21.816890977670404     
         229   21.827407860989506     
         230   21.837749668879596     
         231   21.847919321780314     
         232   21.857919691291176     
         233   21.867753600989147     
         234   21.877423827232818     
         235   21.886933099953112     
         236   21.896284103430830     
         237   21.905479477061405     
         238   21.914521816106770     
         239   21.923413672434865     
         240   21.932157555246590     
         241   21.940755931790878     
         242   21.949211228067718     
         243   21.957525829519376     
         244   21.965702081710230     
         245   21.973742290995112     
         246   21.981648725176505     
         247   21.989423614150809     
         248   21.997069150543680     
         249   22.004587490334846     
         250   22.011980753472351     
         251   22.019251024476603     
         252   22.026400353034248     
         253   22.033430754582078     
         254   22.040344210881155     
         255   22.047142670581394     
         256   22.053828049776442     
         257   22.060402232549556     
         258   22.066867071510028     
         259   22.073224388320863     
         260   22.079475974217310     
         261   22.085623590516981     
         262   22.091668969121166     
         263   22.097613813007889     
         264   22.103459796716578     
         265   22.109208566824588     
         266   22.114861742415815     
         267   22.120420915541359     
         268   22.125887651672436     
         269   22.131263490145681     
         270   22.136549944601029     
         271   22.141748503412124     
         272   22.146860630109643     
         273   22.151887763797319     
         274   22.156831319561103     
         275   22.161692688871454     
         276   22.166473239978750     
         277   22.171174318302118     
         278   22.175797246811801     
         279   22.180343326404959     
         280   22.184813836275236     
         281   22.189210034276101     
         282   22.193533157278043     
         283   22.197784421519852     
         284   22.201965022953857     
         285   22.206076137585463     
         286   22.210118921807016     
         287   22.214094512725893     
         288   22.218004028487265     
         289   22.221848568591277     
         290   22.225629214205014     
         291   22.229347028469199     
         292   22.233003056799653     
         293   22.236598327183820     
         294   22.240133850472183     
         295   22.243610620664903     
         296   22.247029615193547     
         297   22.250391795198155     
         298   22.253698105799561     
         299   22.256949476367279     
         300   22.260146820782769     
         301   22.263291037698298     
         302   22.266383010791550     
         303   22.269423609015814     
         304   22.272413686846114     
         305   22.275354084521098     
         306   22.278245628280963     
         307   22.281089130601273     
         308   22.283885390422981     
         309   22.286635193378480     
         310   22.289339312013905     
         311   22.291998506007765     
         312   22.294613522385809     
         313   22.297185095732317     
         314   22.299713948397894     
         315   22.302200790703743     
         316   22.304646321142499     
         317   22.307051226575695     
         318   22.309416182428023     
         319   22.311741852878122     
         320   22.314028891046405     
         321   22.316277939179592     
         322   22.318489628832133     
         323   22.320664581044763     
         324   22.322803406519860     
         325   22.324906705793950     
         326   22.326975069407407     
         327   22.329009078071152     
         328   22.331009302830658     
         329   22.332976305227220     
         330   22.334910637456449     
         331   22.336812842524196     
         332   22.338683454399757     
         333   22.340522998166705     
         334   22.342331990170955     
         335   22.344110938166530     
         336   22.345860341458824     
         337   22.347580691045447     
         338   22.349272469754780     
         339   22.350936152382118     
         340   22.352572205823638     
         341   22.354181089208026     
         342   22.355763254026034     
         343   22.357319144257673     
         344   22.358849196497495     
         345   22.360353840077650     
         346   22.361833497188861     
         347   22.363288582999509     
         348   22.364719505772619     
         349   22.366126666980897     
         350   22.367510461419940     
         351   22.368871277319329     
         352   22.370209496452237     
         353   22.371525494242796     
         354   22.372819639871956     
         355   22.374092296381470     
         356   22.375343820776127     
         357   22.376574564124304     
         358   22.377784871656903     
         359   22.378975082864471     
         360   22.380145531592845     
         361   22.381296546137186     
         362   22.382428449334324     
         363   22.383541558653725     
         364   22.384636186286812     
         365   22.385712639234889     
         366   22.386771219395492     
         367   22.387812223647423     
         368   22.388835943934200     
         369   22.389842667346350     
         370   22.390832676202088     
         371   22.391806248126798     
         372   22.392763656131137     
         373   22.393705168687809     
         374   22.394631049807185     
         375   22.395541559111450     
         376   22.396436951907734     
         377   22.397317479259851     
         378   22.398183388058957     
         379   22.399034921092962     
         380   22.399872317114799     
         381   22.400695810909582     
         382   22.401505633360639     
         383   22.402302011514379     
         384   22.403085168644161     
         385   22.403855324313092     
         386   22.404612694435691     
         387   22.405357491338634     
         388   22.406089923820428     
         389   22.406810197210064     
         390   22.407518513424776     
         391   22.408215071026795     
         392   22.408900065279092     
         393   22.409573688200322     
         394   22.410236128618742     
         395   22.410887572225278     
         396   22.411528201625735     
         397   22.412158196392042     
         398   22.412777733112755     
         399   22.413386985442678     
         400   22.413986124151574     
         401   22.414575317172226     
         402   22.415154729647583     
         403   22.415724523977083     
         404   22.416284859862401     
         405   22.416835894352182     
         406   22.417377781886216     
         407   22.417910674338799     
         408   22.418434721061367     
         409   22.418950068924481     
         410   22.419456862358999     
         411   22.419955243396743     
         412   22.420445351710228     
         413   22.420927324652073     
         414   22.421401297293389     
         415   22.421867402461793     
         416   22.422325770778716     
         417   22.422776530695991     
         418   22.423219808531993     
         419   22.423655728507086     
         420   22.424084412778448     
         421   22.424505981474415     
         422   22.424920552728175     
         423   22.425328242710933     
         424   22.425729165664492     
         425   22.426123433933398     
         426   22.426511157996366     
         427   22.426892446497344     
         428   22.427267406275998     
         429   22.427636142397731     
         430   22.427998758183040     
         431   22.428355355236683     
         432   22.428706033476061     
         433   22.429050891159317     
         434   22.429390024912887     
         435   22.429723529758611     
         436   22.430051499140383     
         437   22.430374024950403     
         438   22.430691197554964     
         439   22.431003105819727     
         440   22.431309837134748     
         441   22.431611477438935     
         442   22.431908111244176     
         443   22.432199821659040     
         444   22.432486690412105     
         445   22.432768797874914     
         446   22.433046223084379     
         447   22.433319043765167     
         448   22.433587336351312     
         449   22.433851176007789     
         450   22.434110636651482     
         451   22.434365790971995     
         452   22.434616710452026     
         453   22.434863465387409     
         454   22.435106124906792     
         455   22.435344756991089     
         456   22.435579428492513     
         457   22.435810205153302     
         458   22.436037151624188     
         459   22.436260331482533     
         460   22.436479807250112     
         461   22.436695640410711     
         462   22.436907891427310     
         463   22.437116619759045     
         464   22.437321883877924     
         465   22.437523741285180     
         466   22.437722248527415     
         467   22.437917461212429     
         468   22.438109434024820     
         469   22.438298220741377     
         470   22.438483874246039     
         471   22.438666446544858     
         472   22.438845988780436     
         473   22.439022551246417     
         474   22.439196183401428     
         475   22.439366933883086     
         476   22.439534850521532     
         477   22.439699980352898     
         478   22.439862369632472     
         479   22.440022063847678     
         480   22.440179107730778     
         481   22.440333545271500     
         482   22.440485419729285     
         483   22.440634773645424     
         484   22.440781648855083     
         485   22.440926086498880     
         486   22.441068127034512     
         487   22.441207810248095     
         488   22.441345175265248     
         489   22.441480260562159     
         490   22.441613103976245     
         491   22.441743742716909     
         492   22.441872213375838     
         493   22.441998551937296     
         494   22.442122793788265     
         495   22.442244973728286     
         496   22.442365125979251     
         497   22.442483284195013     
         498   22.442599481470765     
         499   22.442713750352343     
         500   22.442826122845382     
         501   22.442936630424214     
         502   22.443045304040751     
         503   22.443152174133107     
         504   22.443257270634163     
         505   22.443360622979988     
         506   22.443462260118000     
         507   22.443562210515136     
         508   22.443660502165812     
         509   22.443757162599802     
         510   22.443852218889912     
         511   22.443945697659558     
         512   22.444037625090274     
         513   22.444128026929018     
         514   22.444216928495383     
         515   22.444304354688704     
         516   22.444390329995024     
         517   22.444474878493970     
         518   22.444558023865472     
         519   22.444639789396451     
         520   22.444720197987287     
         521   22.444799272158278     
         522   22.444877034055907     
         523   22.444953505459079     
         524   22.445028707785234     
         525   22.445102662096311     
         526   22.445175389104673     
         527   22.445246909178888     
         528   22.445317242349496     
         529   22.445386408314533     
         530   22.445454426445146     
         531   22.445521315790899     
         532   22.445587095085223     
         533   22.445651782750637     
         534   22.445715396903864     
         535   22.445777955360946     
         536   22.445839475642224     
         537   22.445899974977252     
         538   22.445959470309624     
         539   22.446017978301718     
         540   22.446075515339349     
         541   22.446132097536385     
         542   22.446187740739262     
         543   22.446242460531394     
         544   22.446296272237575     
         545   22.446349190928217     
         546   22.446401231423639     
         547   22.446452408298189     
         548   22.446502735884323     
         549   22.446552228276619     
         550   22.446600899335728     
         551   22.446648762692256     
         552   22.446695831750603     
         553   22.446742119692665     
         554   22.446787639481609     
         555   22.446832403865418     
         556   22.446876425380509     
         557   22.446919716355282     
         558   22.446962288913436     
         559   22.447004154977552     
         560   22.447045326272271     
         561   22.447085814327689     
         562   22.447125630482535     
         563   22.447164785887331     
         564   22.447203291507559     
         565   22.447241158126694     
 
 
 Tin 4
           0   4.0000000000000000     
           1   4.3258572044322516     
           2   4.5693853976121819     
           3   4.7734371662202744     
           4   4.9564011519985121     
           5   5.1250510487578858     
           6   5.2829374512799809     
           7   5.4329501211161233     
           8   5.5765922795980920     
           9   5.7150822469269347     
          10   5.8493900029012966     
          11   5.9800404105974954     
          12   6.1077110015849154     
          13   6.2544368440763449     
          14   6.4166881406538643     
          15   6.5915547203903699     
          16   6.7760031465274739     
          17   6.9674284861652644     
          18   7.1635616035780734     
          19   7.3626056414125127     
          20   7.5630772693866497     
          21   7.7638312665430611     
          22   7.9639766127075067     
          23   8.1628330739788701     
          24   8.3598835824204478     
          25   8.5547432836533979     
          26   8.7471294548413141     
          27   8.9368412100347854     
          28   9.1237422979343545     
          29   9.3077761915517740     
          30   9.4889634537141649     
          31   9.6673827765445459     
          32   9.8431526031796288     
          33   10.016414677863871     
          34   10.187323877193268     
          35   10.356040326356229     
          36   10.522722208263504     
          37   10.687520527418958     
          38   10.850575849306804     
          39   11.012016277904848     
          40   11.171956453245796     
          41   11.330497329163705     
          42   11.487697775136212     
          43   11.643588007889573     
          44   11.798186688625442     
          45   11.951502811482150     
          46   12.103533258148428     
          47   12.254266858852883     
          48   12.403687180489793     
          49   12.551773568354523     
          50   12.698502770421722     
          51   12.843850063627425     
          52   12.987790138898962     
          53   13.130297851625654     
          54   13.271348774273211     
          55   13.410919634823278     
          56   13.548988638039116     
          57   13.685535698831483     
          58   13.820542601726633     
          59   13.953993100675266     
          60   14.085872971287742     
          61   14.216170024894648     
          62   14.344874092792859     
          63   14.471976987229045     
          64   14.597472444712354     
          65   14.721356056135670     
          66   14.843625187413192     
          67   14.964278893625472     
          68   15.083317829098723     
          69   15.200744155357297     
          70   15.316561448488306     
          71   15.430774607128580     
          72   15.543389762014586     
          73   15.654414187812270     
          74   15.763856217760740     
          75   15.871725161515547     
          76   15.978031226456665     
          77   16.082785442628918     
          78   16.185999591404805     
          79   16.287686137897804     
          80   16.387858167105410     
          81   16.486529323723573     
          82   16.583713755545268     
          83   16.679426060334343     
          84   16.773681236050141     
          85   16.866494634287804     
          86   16.957881916792147     
          87   17.047859014899064     
          88   17.136442091757555     
          89   17.223647507185664     
          90   17.309491785016085     
          91   17.393991582790399     
          92   17.477163663665198     
          93   17.559024870397959     
          94   17.639592101286098     
          95   17.718882287937991     
          96   17.796912374760318     
          97   17.873699300052181     
          98   17.949259978601908     
          99   18.023611285688176     
         100   18.096770042392524     
         101   18.168753002135976     
         102   18.239576838357287     
         103   18.309258133255383     
         104   18.377813367523672     
         105   18.445258911007777     
         106   18.511611014223114     
         107   18.576885800672493     
         108   18.641099259907904     
         109   18.704267241284114     
         110   18.766405448355322     
         111   18.827529433869326     
         112   18.887654595316295     
         113   18.946796170992755     
         114   19.004969236543367     
         115   19.062188701946013     
         116   19.118469308907869     
         117   19.173825628642348     
         118   19.228272059998694     
         119   19.281822827918305     
         120   19.334491982193150     
         121   19.386293396503554     
         122   19.437240767714322     
         123   19.487347615409185     
         124   19.536627281645352     
         125   19.585092930910953     
         126   19.632757550269368     
         127   19.679633949675516     
         128   19.725734762450415     
         129   19.771072445900757     
         130   19.815659282071863     
         131   19.859507378622439     
         132   19.902628669810980     
         133   19.945034917583833     
         134   19.986737712756174     
         135   20.027748476277111     
         136   20.068078460571463     
         137   20.107738750950453     
         138   20.146740267085022     
         139   20.185093764534937     
         140   20.222809836328267     
         141   20.259898914585325     
         142   20.296371272182384     
         143   20.332237024450109     
         144   20.367506130902484     
         145   20.402188396992148     
         146   20.436293475888210     
         147   20.469830870273199     
         148   20.502809934155739     
         149   20.535239874695982     
         150   20.567129754040970     
         151   20.598488491167284     
         152   20.629324863728730     
         153   20.659647509906492     
         154   20.689464930260154     
         155   20.718785489577229     
         156   20.747617418719734     
         157   20.775968816466083     
         158   20.803847651346807     
         159   20.831261763472774     
         160   20.858218866354470     
         161   20.884726548711530     
         162   20.910792276271081     
         163   20.936423393554154     
         164   20.961627125649244     
         165   20.986410579972155     
         166   21.010780748011445     
         167   21.034744507058811     
         168   21.058308621923807     
         169   21.081479746632347     
         170   21.104264426108507     
         171   21.126669097839283     
         172   21.148700093521761     
         173   21.170363640692592     
         174   21.191665864339178     
         175   21.212612788492685     
         176   21.233210337802358     
         177   21.253464339091050     
         178   21.273380522892019     
         179   21.292964524966465     
         180   21.312221887802146     
         181   21.331158062092687     
         182   21.349778408197775     
         183   21.368088197583997     
         184   21.386092614246557     
         185   21.403796756111674     
         186   21.421205636419870     
         187   21.438324185090053     
         188   21.455157250064676     
         189   21.471709598635734     
         190   21.487985918752067     
         191   21.503990820307724     
         192   21.519728836411787     
         193   21.535204424639602     
         194   21.550421968265667     
         195   21.565385777478170     
         196   21.580100090575570     
         197   21.594569075145074     
         198   21.608796829223550     
         199   21.622787382440521     
         200   21.636544697144075     
         201   21.650072669509228     
         202   21.663375130629451     
         203   21.676455847591079     
         204   21.689318524531259     
         205   21.701966803679134     
         206   21.714404266380988     
         207   21.726634434109066     
         208   21.738660769454540     
         209   21.750486677104792     
         210   21.762115504805134     
         211   21.773550544305184     
         212   21.784795032290134     
         213   21.795852151297183     
         214   21.806725030617081     
         215   21.817416747181305     
         216   21.827930326434767     
         217   21.838268743194540     
         218   21.848434922494619     
         219   21.858431740416812     
         220   21.868262024908340     
         221   21.877928556585889     
         222   21.887434069526666     
         223   21.896781252046402     
         224   21.905972747464656     
         225   21.915011154857556     
         226   21.923899029798093     
         227   21.932638885084330     
         228   21.941233191455474     
         229   21.949684378296212     
         230   21.957994834329419     
         231   21.966166908297332     
         232   21.974202909631444     
         233   21.982105109111345     
         234   21.989875739512591     
         235   21.997516996243796     
         236   22.005031037973140     
         237   22.012419987244456     
         238   22.019685931083053     
         239   22.026830921591369     
         240   22.033856976534878     
         241   22.040766079917937     
         242   22.047560182550292     
         243   22.054241202603905     
         244   22.060811026160625     
         245   22.067271507750505     
         246   22.073624470881349     
         247   22.079871708559207     
         248   22.086014983800190     
         249   22.092056030133769     
         250   22.097996552097527     
         251   22.103838225723734     
         252   22.109582699017629     
         253   22.115231592427783     
         254   22.120786499308508     
         255   22.126248986374499     
         256   22.131620594147847     
         257   22.136902837397514     
         258   22.142097205571549     
         259   22.147205163221798     
         260   22.152228150421685     
         261   22.157167583176935     
         262   22.162024853829237     
         263   22.166801331453289     
         264   22.171498362247096     
         265   22.176117269915707     
         266   22.180659356048466     
         267   22.185125900489950     
         268   22.189518161704662     
         269   22.193837377135541     
         270   22.198084763556533     
         271   22.202261517419075     
         272   22.206368815192889     
         273   22.210407813701032     
         274   22.214379650449132     
         275   22.218285443949313     
         276   22.222126294038496     
         277   22.225903282191450     
         278   22.229617471828515     
         279   22.233269908618119     
         280   22.236861620774270     
         281   22.240393619349014     
         282   22.243866898519961     
         283   22.247282435872947     
         284   22.250641192679954     
         285   22.253944114172466     
         286   22.257192129809976     
         287   22.260386153544204     
         288   22.263527084078785     
         289   22.266615805124534     
         290   22.269653185650508     
         291   22.272640080130799     
         292   22.275577328787122     
         293   22.278465757827473     
         294   22.281306179680580     
         295   22.284099393226594     
         296   22.286846184023723     
         297   22.289547324531210     
         298   22.292203574328443     
         299   22.294815680330533     
         300   22.297384377000018     
         301   22.299910386555283     
         302   22.302394419175268     
         303   22.304837173200902     
         304   22.307239335332977     
         305   22.309601580826826     
         306   22.311924573683740     
         307   22.314208966839018     
         308   22.316455402347064     
         309   22.318664511563163     
         310   22.320836915322438     
         311   22.322973224115550     
         312   22.325074038261675     
         313   22.327139948078397     
         314   22.329171534048871     
         315   22.331169366986124     
         316   22.333134008194612     
         317   22.335066009629031     
         318   22.336965914050566     
         319   22.338834255180352     
         320   22.340671557850523     
         321   22.342478338152667     
         322   22.344255103583734     
         323   22.346002353189569     
         324   22.347720577706017     
         325   22.349410259697642     
         326   22.351071873694178     
         327   22.352705886324635     
         328   22.354312756449126     
         329   22.355892935288608     
         330   22.357446866552309     
         331   22.358974986563148     
         332   22.360477724380914     
         333   22.361955501923525     
         334   22.363408734086168     
         335   22.364837828858398     
         336   22.366243187439483     
         337   22.367625204351505     
         338   22.368984267550871     
         339   22.370320758537751     
         340   22.371635052463787     
         341   22.372927518237930     
         342   22.374198518630617     
         343   22.375448410376030     
         344   22.376677544272845     
         345   22.377886265283109     
         346   22.379074912629608     
         347   22.380243819891504     
         348   22.381393315098446     
         349   22.382523720823087     
         350   22.383635354271959     
         351   22.384728527375021     
         352   22.385803546873525     
         353   22.386860714406506     
         354   22.387900326595805     
         355   22.388922675129688     
         356   22.389928046845050     
         357   22.390916723808225     
         358   22.391888983394480     
         359   22.392845098366173     
         360   22.393785336949609     
         361   22.394709962910554     
         362   22.395619235628608     
         363   22.396513410170229     
         364   22.397392737360519     
         365   22.398257463853977     
         366   22.399107832203846     
         367   22.399944080930492     
         368   22.400766444588527     
         369   22.401575153832823     
         370   22.402370435483512     
         371   22.403152512589791     
         372   22.403921604492687     
         373   22.404677926886837     
         374   22.405421691881195     
         375   22.406153108058689     
         376   22.406872380534935     
         377   22.407579711015963     
         378   22.408275297854971     
         379   22.408959336108076     
         380   22.409632017589324     
         381   22.410293530924498     
         382   22.410944061604255     
         383   22.411583792036307     
         384   22.412212901596693     
         385   22.412831566680282     
         386   22.413439960750296     
         387   22.414038254387179     
         388   22.414626615336495     
         389   22.415205208556156     
         390   22.415774196262731     
         391   22.416333737977112     
         392   22.416883990569374     
         393   22.417425108302822     
         394   22.417957242877350     
         395   22.418480543472150     
         396   22.418995156787602     
         397   22.419501227086485     
         398   22.419998896234567     
         399   22.420488303740434     
         400   22.420969586794740     
         401   22.421442880308717     
         402   22.421908316952077     
         403   22.422366027190360     
         404   22.422816139321533     
         405   22.423258779512022     
         406   22.423694071832209     
         407   22.424122138291242     
         408   22.424543098871361     
         409   22.424957071561522     
         410   22.425364172390651     
         411   22.425764515460116     
         412   22.426158212975849     
         413   22.426545375279847     
         414   22.426926110881169     
         415   22.427300526486377     
         416   22.427668727029513     
         417   22.428030815701604     
         418   22.428386893979599     
         419   22.428737061654846     
         420   22.429081416861187     
         421   22.429420056102430     
         422   22.429753074279475     
         423   22.430080564717002     
         424   22.430402619189579     
         425   22.430719327947511     
         426   22.431030779742112     
         427   22.431337061850677     
         428   22.431638260100929     
         429   22.431934458895164     
         430   22.432225741233871     
         431   22.432512188739096     
         432   22.432793881677327     
         433   22.433070898981992     
         434   22.433343318275647     
         435   22.433611215891787     
         436   22.433874666896166     
         437   22.434133745107971     
         438   22.434388523120511     
         439   22.434639072321502     
         440   22.434885462913233     
         441   22.435127763932172     
         442   22.435366043268374     
         443   22.435600367684472     
         444   22.435830802834513     
         445   22.436057413282313     
         446   22.436280262519531     
         447   22.436499412983579     
         448   22.436714926075041     
         449   22.436926862175000     
         450   22.437135280661856     
         451   22.437340239928105     
         452   22.437541797396605     
         453   22.437740009536796     
         454   22.437934931880452     
         455   22.438126619037291     
         456   22.438315124710289     
         457   22.438500501710756     
         458   22.438682801973108     
         459   22.438862076569492     
         460   22.439038375724063     
         461   22.439211748827077     
         462   22.439382244448765     
         463   22.439549910352920     
         464   22.439714793510355     
         465   22.439876940111983     
         466   22.440036395581835     
         467   22.440193204589775     
         468   22.440347411064053     
         469   22.440499058203613     
         470   22.440648188490123     
         471   22.440794843700047     
         472   22.440939064916215     
         473   22.441080892539443     
         474   22.441220366299770     
         475   22.441357525267666     
         476   22.441492407864978     
         477   22.441625051875647     
         478   22.441755494456398     
         479   22.441883772147058     
         480   22.442009920880874     
         481   22.442133975994523     
         482   22.442255972238094     
         483   22.442375943784757     
         484   22.442493924240399     
         485   22.442609946652997     
         486   22.442724043521906     
         487   22.442836246806991     
         488   22.442946587937552     
         489   22.443055097821151     
         490   22.443161806852252     
         491   22.443266744920798     
         492   22.443369941420514     
         493   22.443471425257187     
         494   22.443571224856811     
         495   22.443669368173449     
         496   22.443765882697143     
         497   22.443860795461621     
         498   22.443954133051847     
         499   22.444045921611483     
         500   22.444136186850216     
         501   22.444224954050952     
         502   22.444312248076937     
         503   22.444398093378666     
         504   22.444482514000811     
         505   22.444565533588886     
         506   22.444647175395925     
         507   22.444727462288988     
         508   22.444806416755519     
         509   22.444884060909732     
         510   22.444960416498795     
         511   22.445035504908812     
         512   22.445109347170991     
         513   22.445181963967364     
         514   22.445253375636749     
         515   22.445323602180306     
         516   22.445392663267228     
         517   22.445460578240226     
         518   22.445527366120949     
         519   22.445593045615325     
         520   22.445657635118749     
         521   22.445721152721369     
         522   22.445783616212985     
         523   22.445845043088163     
         524   22.445905450551074     
         525   22.445964855520348     
         526   22.446023274633767     
         527   22.446080724252980     
         528   22.446137220468074     
         529   22.446192779102056     
         530   22.446247415715316     
         531   22.446301145609965     
         532   22.446353983834143     
         533   22.446405945186235     
         534   22.446457044218967     
         535   22.446507295243563     
         536   22.446556712333688     
         537   22.446605309329463     
         538   22.446653099841246     
         539   22.446700097253505     
         540   22.446746314728593     
         541   22.446791765210378     
         542   22.446836461427885     
         543   22.446880415898910     
         544   22.446923640933434     
         545   22.446966148637181     
         546   22.447007950914895     
         547   22.447049059473784     
         548   22.447089485826744     
         549   22.447129241295567     
         550   22.447168337014155     
         551   22.447206783931605     
         552   22.447244592815316     
 
 
 Tin 700
           0   700.00000000000000     
           1   700.31658533991413     
           2   700.52873856919564     
           3   700.66511280548684     
           4   700.73022148424582     
           5   700.71827596357207     
           6   700.62208153586198     
           7   700.43577634638132     
           8   700.15408302811898     
           9   699.77327470515752     
          10   699.29101968204350     
          11   698.70597230274734     
          12   698.01815901660257     
          13   695.67157217051431     
          14   691.95103710485046     
          15   687.08296192671139     
          16   681.30115192326093     
          17   674.81088927455050     
          18   667.78238336410777     
          19   660.35319339002763     
          20   652.63292393261270     
          21   644.70838802409742     
          22   636.64810639415498     
          23   628.50608270351586     
          24   620.32484248590072     
          25   612.13785356272365     
          26   603.97142815046027     
          27   595.84622032243328     
          28   587.77840000759659     
          29   579.77986683367203     
          30   571.85883016681260     
          31   564.02050628445022     
          32   556.26774882112420     
          33   548.60164975363341     
          34   541.02202158987075     
          35   533.52780152728496     
          36   526.11736150139700     
          37   518.78874493739931     
          38   511.53984139154471     
          39   504.36851132744187     
          40   497.27267204286852     
          41   490.25035378588245     
          42   483.30050113802196     
          43   476.42272618092250     
          44   469.61687713038037     
          45   462.88292683154094     
          46   456.22105817921579     
          47   449.63160069401238     
          48   443.11495140949899     
          49   436.67155447272955     
          50   430.30187027281119     
          51   424.00635008694945     
          52   417.78541947512258     
          53   411.63946377086302     
          54   405.56881815547661     
          55   399.57376043289867     
          56   393.65450627794974     
          57   387.81120647785110     
          58   382.04394571557827     
          59   376.35274261464514     
          60   370.73755074002304     
          61   365.19826034512346     
          62   359.73470067098219     
          63   354.34664264933082     
          64   349.03380188495601     
          65   343.79584181857069     
          66   338.63237699032913     
          67   333.54297634047555     
          68   328.52716649711994     
          69   323.58443501251884     
          70   318.71423351854276     
          71   313.91598077942797     
          72   309.18906562598130     
          73   304.53284976042198     
          74   299.94667042502567     
          75   295.42984293090876     
          76   290.98166304580951     
          77   286.60140924170162     
          78   282.28834480459381     
          79   278.04171981002048     
          80   273.86077296858974     
          81   269.74473334655568     
          82   265.69282196680308     
          83   261.70425329588039     
          84   257.77823662285152     
          85   253.91397733576230     
          86   250.11067810147640     
          87   246.36753995451969     
          88   242.68376330042841     
          89   239.05854883890854     
          90   235.49109841190520     
          91   231.98061578145817     
          92   228.52630734199062     
          93   225.12738277143399     
          94   221.78305562536144     
          95   218.49254387806630     
          96   215.25507041428796     
          97   212.06986347506995     
          98   208.93615706101755     
          99   205.85319129601470     
         100   202.82021275426430     
         101   199.83647475332847     
         102   196.90123761566747     
         103   194.01376890100644     
         104   191.17334361170447     
         105   188.37924437314672     
         106   185.63076159104514     
         107   182.92719358739936     
         108   180.26784671674710     
         109   177.65203546421958     
         110   175.07908252680903     
         111   172.54831887915839     
         112   170.05908382508431     
         113   167.61072503596500     
         114   165.20259857703769     
         115   162.83406892258029     
         116   160.50450896087563     
         117   158.21329998979994     
         118   155.95983170380867     
         119   153.74350217304274     
         120   151.56371781522299     
         121   149.41989336095202     
         122   147.31145181300155     
         123   145.23782440011553     
         124   143.19845052582536     
         125   141.19277771273732     
         126   139.22026154271563     
         127   137.28036559335618     
         128   135.37256137111734     
         129   133.49632824144732     
         130   131.65115335621914     
         131   129.83653157876961     
         132   128.05196540680643     
         133   126.29696489343881     
         134   124.57104756655778     
         135   122.87373834678488     
         136   121.20456946418550     
         137   119.56308037393033     
         138   117.94881767107607     
         139   116.36133500462137     
         140   114.80019299098348     
         141   113.26495912702994     
         142   111.75520770278925     
         143   110.27051971395454     
         144   108.81048277428573     
         145   107.37469102800776     
         146   105.96274506229366     
         147   104.57425181991583     
         148   103.20882451213987     
         149   101.86608253193191     
         150   100.54565136754185     
         151   99.247162516521854     
         152   97.970253400233076     
         153   96.714567278889234     
         154   95.479753167181769     
         155   94.265465750526459     
         156   93.071365301969138     
         157   91.897117599781893     
         158   90.742393845782289     
         159   89.606870584399474     
         160   88.490229622513795     
         161   87.392157950090024     
         162   86.312347661623633     
         163   85.250495878416871     
         164   84.206304671699414     
         165   83.179480986606080     
         166   82.169736567023236     
         167   81.176787881311839     
         168   80.200356048916120     
         169   79.240166767863613     
         170   78.295950243161016     
         171   77.367441116090191     
         172   76.454378394406262     
         173   75.556505383439685     
         174   74.673569618102164     
         175   73.805322795796343     
         176   72.951520710227669     
         177   72.111923186116456     
         178   71.286294014807225     
         179   70.474400890771705     
         180   69.676015349001545     
         181   68.890912703285835     
         182   68.118871985368770     
         183   67.359675884980476     
         184   66.613110690736960     
         185   65.878966231900421     
         186   65.157035820994849     
         187   64.447116197268642     
         188   63.749007470997512     
         189   63.062513068619118     
         190   62.387439678692374     
         191   61.723597198672493     
         192   61.070798682493859     
         193   60.428860288951803     
         194   59.797601230875152     
         195   59.176843725079898     
         196   58.566412943096140     
         197   57.966136962658126     
         198   57.375846719949330     
         199   56.795375962592608     
         200   56.224561203376844     
         201   55.663241674710385     
         202   55.111259283792158     
         203   54.568458568491458     
         204   54.034686653926499     
         205   53.509793209733161     
         206   52.993630408014056     
         207   52.486052881959154     
         208   51.986917685128290     
         209   51.496084251386741     
         210   51.013414355484677     
         211   50.538772074270938     
         212   50.072023748532828     
         213   49.613037945452554     
         214   49.161685421670995     
         215   48.717839086950740     
         216   48.281373968429179     
         217   47.852167175452685     
         218   47.430097864983793     
         219   47.015047207572415     
         220   46.606898353882727     
         221   46.205536401767347     
         222   45.810848363880588     
         223   45.422723135822281     
         224   45.041051464804283     
         225   44.665725918831583     
         226   44.296640856389914     
         227   43.933692396632296     
         228   43.576778390056262     
         229   43.225798389664604     
         230   42.880653622601770     
         231   42.541246962258541     
         232   42.207482900837299     
         233   41.879267522371208     
         234   41.556508476189506     
         235   41.239114950821914     
         236   40.926997648335615     
         237   40.620068759097215     
         238   40.318241936953271     
         239   40.021432274822743     
         240   39.729556280694375     
         241   39.442531854022661     
         242   39.160278262516165     
         243   38.882716119311368     
         244   38.609767360526249     
         245   38.341355223187051     
         246   38.077404223522493     
         247   37.817840135619129     
         248   37.562589970432285     
         249   37.311581955146337     
         250   37.064745512878943     
         251   36.822011242723704     
         252   36.583310900125085     
         253   36.348577377580867     
         254   36.117744685666331     
         255   35.890747934374801     
         256   35.667523314769781     
         257   35.448008080942984     
         258   35.232140532273604     
         259   35.019859995983680     
         260   34.811106809984679     
         261   34.605822306010623     
         262   34.403948793032598     
         263   34.205429540950583     
         264   34.010208764557362     
         265   33.818231607770635     
         266   33.629444128128256     
         267   33.443793281542753     
         268   33.261226907310459     
         269   33.081693713371152     
         270   32.905143261814082     
         271   32.731525954626200     
         272   32.560793019678627     
         273   32.392896496947245     
         274   32.227789224963658     
         275   32.065424827492748     
         276   31.905757700432620     
         277   31.748742998933995     
         278   31.594336624734449     
         279   31.442495213704696     
         280   31.293176123602908     
         281   31.146337422033866     
         282   31.001937874609272     
         283   30.859936933306120     
         284   30.720294725019524     
         285   30.582972040307133     
         286   30.447930322321415     
         287   30.315131655927221     
         288   30.184538757001150     
         289   30.056114961909699     
         290   29.929824217163507     
         291   29.805631069244320     
         292   29.683500654602124     
         293   29.563398689819383     
         294   29.445291461939764     
         295   29.329145818958466     
         296   29.214929160471367     
         297   29.102609428480662     
         298   28.992155098353901     
         299   28.883535169934362     
         300   28.776719158799779     
         301   28.671677087667142     
         302   28.568379477941299     
         303   28.466797341404487     
         304   28.366902172044909     
         305   28.268665938021780     
         306   28.172061073764489     
         307   28.077060472203950     
         308   27.983637477133492     
         309   27.891765875697534     
         310   27.801419891005537     
         311   27.712574174869530     
         312   27.625203800662675     
         313   27.539284256297250     
         314   27.454791437319898     
         315   27.371701640122026     
         316   27.289991555263750     
         317   27.209638260909159     
         318   27.130619216371244     
         319   27.052912255764550     
         320   26.976495581763857     
         321   26.901347759466894     
         322   26.827447710359685     
         323   26.754774706382477     
         324   26.683308364094692     
         325   26.613028638937379     
         326   26.543915819591287     
         327   26.475950522429130     
         328   26.409113686060461     
         329   26.343386565967446     
         330   26.278750729230261     
         331   26.215188049340384     
         332   26.152680701100500     
         333   26.091211155609365     
         334   26.030762175330459     
         335   25.971316809242765     
         336   25.912858388072500     
         337   25.855370519604307     
         338   25.798837084070740     
         339   25.743242229618456     
         340   25.688570367850250     
         341   25.634806169441177     
         342   25.581934559827886     
         343   25.529940714969840     
         344   25.478810057181132     
         345   25.428528251031818     
         346   25.379081199317582     
         347   25.330455039096559     
         348   25.282636137792224     
         349   25.235611089361200     
         350   25.189366710525004     
         351   25.143890037064516     
         352   25.099168320176240     
         353   25.055189022889248     
         354   25.011939816541872     
         355   24.969408577317093     
         356   24.927583382835540     
         357   24.886452508805426     
         358   24.846004425728218     
         359   24.806227795659133     
         360   24.767111469021636     
         361   24.728644481475030     
         362   24.690816050834187     
         363   24.653615574040600     
         364   24.617032624183786     
         365   24.581056947572495     
         366   24.545678460854482     
         367   24.510887248184382     
         368   24.476673558438641     
         369   24.443027802476930     
         370   24.409940550449079     
         371   24.377402529146842     
         372   24.345404619399840     
         373   24.313937853514716     
         374   24.282993412757087     
         375   24.252562624875274     
         376   24.222636961665319     
         377   24.193208036576522     
         378   24.164267602356851     
         379   24.135807548737503     
         380   24.107819900155985     
         381   24.080296813517222     
         382   24.053230575991755     
         383   24.026613602850666     
         384   24.000438435336541     
         385   23.974697738569844     
         386   23.949384299490088     
         387   23.924491024831347     
         388   23.900010939131377     
         389   23.875937182773946     
         390   23.852263010063588     
         391   23.828981787332541     
         392   23.806086991079106     
         393   23.783572206137027     
         394   23.761431123875184     
         395   23.739657540427469     
         396   23.718245354951854     
         397   23.697188567918570     
         398   23.676481279426753     
         399   23.656117687549106     
         400   23.636092086703883     
         401   23.616398866054261     
         402   23.597032507934159     
         403   23.577987586300218     
         404   23.559258765209602     
         405   23.540840797323092     
         406   23.522728522433013     
         407   23.504916866015744     
         408   23.487400837808206     
         409   23.470175530408085     
         410   23.453236117897273     
         411   23.436577854488220     
         412   23.420196073192855     
         413   23.404086184513488     
         414   23.388243675155653     
         415   23.372664106762208     
         416   23.357343114668616     
         417   23.342276406678724     
         418   23.327459761861114     
         419   23.312889029365316     
         420   23.298560127257772     
         421   23.284469041377058     
         422   23.270611824208299     
         423   23.256984593776075     
         424   23.243583532555988     
         425   23.230404886404052     
         426   23.217444963504068     
         427   23.204700133332409     
         428   23.192166825640093     
         429   23.179841529451618     
         430   23.167720792080623     
         431   23.155801218161749     
         432   23.144079468698685     
         433   23.132552260128080     
         434   23.121216363398794     
         435   23.110068603066722     
         436   23.099105856404439     
         437   23.088325052525811     
         438   23.077723171525051     
         439   23.067297243630087     
         440   23.057044348370020     
         441   23.046961613756466     
         442   23.037046215478355     
         443   23.027295376110281     
         444   23.017706364333886     
         445   23.008276494172243     
         446   22.999003124236928     
         447   22.989883656987569     
         448   22.980915538003849     
         449   22.972096255269363     
         450   22.963423338467614     
         451   22.954894358289515     
         452   22.946506925752509     
         453   22.938258691530958     
         454   22.930147345297708     
         455   22.922170615076471     
         456   22.914326266605087     
         457   22.906612102709332     
         458   22.899025962687091     
         459   22.891565721702818     
         460   22.884229290191946     
         461   22.877014613275360     
         462   22.869919670183457     
         463   22.862942473689806     
         464   22.856081069554264     
         465   22.849333535975290     
         466   22.842697983051330     
         467   22.836172552251270     
         468   22.829755415893509     
         469   22.823444776633895     
         470   22.817238866961951     
         471   22.811135948705608     
         472   22.805134312544112     
         473   22.799232277529036     
         474   22.793428190613263     
         475   22.787720426187747     
         476   22.782107385625963     
         477   22.776587496836051     
         478   22.771159213820194     
         479   22.765821016241450     
         480   22.760571408997784     
         481   22.755408921803131     
         482   22.750332108775314     
         483   22.745339548031062     
         484   22.740429841287543     
         485   22.735601613470550     
         486   22.730853512329226     
         487   22.726184208057205     
         488   22.721592392920023     
         489   22.717076780888689     
         490   22.712636107279330     
         491   22.708269128398932     
         492   22.703974621196853     
         493   22.699751382922127     
         494   22.695598230786505     
         495   22.691514001633088     
         496   22.687497551610431     
         497   22.683547755852054     
         498   22.679663508161347     
         499   22.675843720701586     
         500   22.672087323691237     
         501   22.668393265104203     
         502   22.664760510375061     
         503   22.661188042109313     
         504   22.657674859798313     
         505   22.654219979538890     
         506   22.650822433757863     
         507   22.647481270940858     
         508   22.644195555365819     
         509   22.640964366840812     
         510   22.637786800446243     
         511   22.634661966281456     
         512   22.631588989215274     
         513   22.628567008640943     
         514   22.625595178235024     
         515   22.622672665720351     
         516   22.619798652632781     
         517   22.616972334092004     
         518   22.614192918576034     
         519   22.611459627699503     
         520   22.608771695995593     
         521   22.606128370701587     
         522   22.603528911548111     
         523   22.600972590551571     
         524   22.598458691810471     
         525   22.595986511304645     
         526   22.593555356698200     
         527   22.591164547145532     
         528   22.588813413100610     
         529   22.586501296129413     
         530   22.584227548725508     
         531   22.581991534128701     
         532   22.579792626146592     
         533   22.577630208979279     
         534   22.575503677046800     
         535   22.573412434819502     
         536   22.571355896651284     
         537   22.569333486615449     
         538   22.567344638343549     
         539   22.565388794866553     
         540   22.563465408459006     
         541   22.561573940485488     
         542   22.559713861249811     
         543   22.557884649846663     
         544   22.556085794015637     
         545   22.554316789997785     
         546   22.552577142394533     
         547   22.550866364028906     
         548   22.549183975809072     
         549   22.547529506594159     
         550   22.545902493062268     
         551   22.544302479580729     
         552   22.542729018078518     
         553   22.541181667920640     
         554   22.539659995784845     
         555   22.538163575540167     
         556   22.536691988127618     
         557   22.535244821442816     
         558   22.533821670220526     
         559   22.532422135921184     
         560   22.531045826619248     
         561   22.529692356893477     
         562   22.528361347718899     
         563   22.527052426360751     
         564   22.525765226270003     
         565   22.524499386980722     
         566   22.523254554009135     
         567   22.522030378754327     
         568   22.520826518400607     
         569   22.519642635821487     
         570   22.518478399485261     
         571   22.517333483362190     
         572   22.516207566833124     
         573   22.515100334599790     
         574   22.514011476596387     
         575   22.512940687902812     
         576   22.511887668659238     
         577   22.510852123982168     
         578   22.509833763881787     
         579   22.508832303180771     
         580   22.507847461434466     
         581   22.506878962852245     
         582   22.505926536220365     
         583   22.504989914825956     
         584   22.504068836382324     
         585   22.503163042955521     
         586   22.502272280892093     
         587   22.501396300748016     
         588   22.500534857218909     
         589   22.499687709071225     
         590   22.498854619074798     
         591   22.498035353936309     
         592   22.497229684234071     
         593   22.496437384353602     
         594   22.495658232424642     
         595   22.494892010258837     
         596   22.494138503288745     
         597   22.493397500507719     
         598   22.492668794410754     
         599   22.491952180936501     
         600   22.491247459409959     
         601   22.490554432486427     
         602   22.489872906096132     
         603   22.489202689389913     
         604   22.488543594685765     
         605   22.487895437416334     
         606   22.487258036077094     
         607   22.486631212175688     
         608   22.486014790181798     
         609   22.485408597478056     
         610   22.484812464311720     
         611   22.484226223747054     
         612   22.483649711618668     
         613   22.483082766485495     
         614   22.482525229585534     
         615   22.481976944791544     
         616   22.481437758567136     
         617   22.480907519923882     
         618   22.480386080378999     
         619   22.479873293913805     
         620   22.479369016932743     
         621   22.478873108223276     
         622   22.478385428916233     
         623   22.477905842446997     
         624   22.477434214517242     
         625   22.476970413057309     
         626   22.476514308189181     
         627   22.476065772190267     
         628   22.475624679457404     
         629   22.475190906471866     
         630   22.474764331764707     
         631   22.474344835882722     
         632   22.473932301355035     
         633   22.473526612660184     
         634   22.473127656193782     
         635   22.472735320236666     
         636   22.472349494923670     
         637   22.471970072212805     
         638   22.471596945855026     
         639   22.471230011364490     
         640   22.470869165989242     
         641   22.470514308682549     
         642   22.470165340074470     
         643   22.469822162444096     
         644   22.469484679692208     
         645   22.469152797314337     
         646   22.468826422374253     
         647   22.468505463478039     
         648   22.468189830748415     
         649   22.467879435799595     
         650   22.467574191712565     
         651   22.467274013010659     
         652   22.466978815635727     
         653   22.466688516924524     
         654   22.466403035585593     
         655   22.466122291676484     
         656   22.465846206581389     
         657   22.465574702989052     
         658   22.465307704871261     
         659   22.465045137461431     
         660   22.464786927233703     
         661   22.464533001882366     
         662   22.464283290301601     
         663   22.464037722565607     
         664   22.463796229908944     
         665   22.463558744707324     
         666   22.463325200458669     
         667   22.463095531764480     
         668   22.462869674311513     
         669   22.462647564853839     
         670   22.462429141195010     
         671   22.462214342170739     
         672   22.462003107631748     
         673   22.461795378426906     
         674   22.461591096386698     
         675   22.461390204306884     
         676   22.461192645932513     
         677   22.460998365942217     
         678   22.460807309932587     
         679   22.460619424403106     
         680   22.460434656741004     
         681   22.460252955206634     
         682   22.460074268918987     
         683   22.459898547841334     
         684   22.459725742767375     
         685   22.459555805307279     
         686   22.459388687874302     
         687   22.459224343671334     
         688   22.459062726677910     
         689   22.458903791637180     
         690   22.458747494043365     
         691   22.458593790129235     
         692   22.458442636853860     
         693   22.458293991890542     
         694   22.458147813615021     
         695   22.458004061093703     
         696   22.457862694072357     
         697   22.457723672964693     
         698   22.457586958841382     
         699   22.457452513419078     
         700   22.457320299049758     
         701   22.457190278710137     
         702   22.457062415991324     
         703   22.456936675088613     
         704   22.456813020791479     
         705   22.456691418473696     
         706   22.456571834083622     
         707   22.456454234134714     
         708   22.456338585696102     
         709   22.456224856383439     
         710   22.456113014349743     
         711   22.456003028276523     
         712   22.455894867365004     
         713   22.455788501327518     
         714   22.455683900378972     
         715   22.455581035228615     
         716   22.455479877071689     
         717   22.455380397581493     
         718   22.455282568901357     
         719   22.455186363636901     
         720   22.455091754848333     
         721   22.454998716042958     
         722   22.454907221167623     
         723   22.454817244601603     
         724   22.454728761149298     
         725   22.454641746033239     
         726   22.454556174887088     
         727   22.454472023748906     
         728   22.454389269054353     
         729   22.454307887630165     
         730   22.454227856687581     
         731   22.454149153816054     
         732   22.454071756976916     
         733   22.453995644497198     
         734   22.453920795063620     
         735   22.453847187716569     
         736   22.453774801844229     
         737   22.453703617176863     
         738   22.453633613781072     
         739   22.453564772054264     
         740   22.453497072719109     
         741   22.453430496818246     
         742   22.453365025708806     
         743   22.453300641057382     
         744   22.453237324834738     
         745   22.453175059310841     
         746   22.453113827049886     
         747   22.453053610905421     
         748   22.452994394015505     
         749   22.452936159798028     
         750   22.452878891946035     
         751   22.452822574423191     
         752   22.452767191459301     
         753   22.452712727545823     
         754   22.452659167431591     
         755   22.452606496118534     
         756   22.452554698857448     
         757   22.452503761143909     
         758   22.452453668714167     
         759   22.452404407541174     
         760   22.452355963830655     
         761   22.452308324017253     
         762   22.452261474760736     
         763   22.452215402942194     
         764   22.452170095660485     
         765   22.452125540228472     
         766   22.452081724169645     
         767   22.452038635214500     
         768   22.451996261297108     
         769   22.451954590551807     
         770   22.451913611309827     
         771   22.451873312096044     
         772   22.451833681625736     
         773   22.451794708801465     
         774   22.451756382709938     
         775   22.451718692618975     
 
 
