           1  0.33300000000000007     
           2  0.82181070000000023     
           3  0.54182013145238650     
           4  0.91852898343962897     
           5  0.27688391307766591     
           6  0.74081108349892222     
           7  0.71043708163707786     
           8  0.76115006828665832     
           9  0.67266237478533275     
          10  0.81469450603391047     
          11  0.55857926112667045     
          12  0.91230333961365739     
          13  0.29602203773067287     
          14  0.77105406636127605     
          15  0.65315986450336283     
          16  0.83820560684965273     
          17  0.50178277973319507     
          18  0.92498824027676485     
          19  0.25672448381789753     
          20  0.70602298593742707     
          21  0.76795175828207896     
          22  0.65934686436410661     
          23  0.83105173422410994     
          24  0.51949757228867433     
          25  0.92359342529693733     
          26  0.26110385716726953     
          27  0.71383594187668153     
          28  0.75581450285833618     
          29  0.68286807847116660     
          30  0.80126928374217399     
          31  0.58917622909186662     
          32  0.89557612061033331     
          33  0.34602227137065245     
          34  0.83727617861874393     
          35  0.50410568354444740     
          36  0.92493763044174160     
          37  0.25688363786786406     
          38  0.70630940751545368     
          39  0.76751478497130310     
          40  0.66021260734050258     
          41  0.83002810566188445     
          42  0.52200136305094369     
          43  0.92320897808843216     
          44  0.26230839520177629     
          45  0.71595999373124664     
          46  0.75243674009811978     
          47  0.68922006131994706     
          48  0.79252434305807928     
          49  0.60838918225822480     
          50  0.88153160512675532     
          51  0.38640444687078612     
          52  0.87725538614429144     
          53  0.39840998241294984     
          54  0.88681403280865245     
          55  0.37138714488253494     
          56  0.86379731394457548     
          57  0.43531060315683440     
          58  0.90951654316344965     
          59  0.30449594323919638     
          60  0.78357920602325337     
          61  0.62745648547151855     
          62  0.86489292395161976     
          63  0.43235666998513850     
          64  0.90807020564665208     
          65  0.30887121687494662     
          66  0.78983821656620445     
          67  0.61417709040557134     
          68  0.87676529049811658     
          69  0.39977728874071838     
          70  0.88783501014700306     
          71  0.36846081814581394     
          72  0.86098054145738612     
          73  0.44286428014978974     
          74  0.91292138521363375     
          75  0.29413493964303938     
          76  0.76819243461963249     
          77  0.65886942664733839     
          78  0.83161386952396010     
          79  0.51811929369558007     
          80  0.92378525742510131     
          81  0.26050240567982030     
          82  0.71277133856493258     
          83  0.75749492269556129     
          84  0.67967654970822555     
          85  0.80555044869430603     
          86  0.57956401622002052     
          87  0.90157739909487911     
          88  0.32832169238391112     
          89  0.81594826716807944     
          90  0.55565376215190521     
          91  0.91353983740585498     
          92  0.29224377064985441     
          93  0.76529819191497583     
          94  0.66458241665658524     
          95  0.82477672407166924     
          96  0.53472429415471689     
          97  0.92053862656318985     
          98  0.27064487520288005     
          99  0.73036603889840090     
         100  0.72864650605236370     
         101  0.73156686849917174     
         102  0.72659410602990304     
         103  0.73502391111628362     
         104  0.72062591645333929     
         105  0.74489955845975941     
         106  0.70308956318499505     
         107  0.77239212850371330     
         108  0.65046935481810120     
         109  0.84122820106431018     
         110  0.49418426475413441     
         111  0.92487485572713513     
         112  0.25708102079213063     
         113  0.70666436730024507     
         114  0.76697240536704081     
         115  0.66128521865838485     
         116  0.82875218949657281     
         117  0.52511139223447512     
         118  0.92266684652617148     
         119  0.26400512633620071     
         120  0.71893375253630754     
         121  0.74765164440137222     
         122  0.69807405319359639     
         123  0.77983667697040326     
         124  0.63525830662200011     
         125  0.85730920481207129     
         126  0.45262148897929155     
         127  0.91669452376580429     
         128  0.28255299329528138     
         129  0.75005215731808483     
         130  0.69365349889611549     
         131  0.78624379275158107     
         132  0.62183861711140265     
         133  0.87007480010740990     
         134  0.41826517660420426     
         135  0.90028184898449504     
         136  0.33216543308214946     
         137  0.82077676514574094     
         138  0.54427838768774639     
         139  0.91774587021996246     
         140  0.27930703528241524     
         141  0.74479007669940278     
         142  0.70328792789315187     
         143  0.77209386797976221     
         144  0.65107022992890340     
         145  0.84055780682814452     
         146  0.49587540677109554     
         147  0.92493705460357556     
         148  0.25688544861190005     
         149  0.70631266514244273     
         150  0.76750981154674247     
         151  0.66022245268703750     
         152  0.83001643292331517     
         153  0.52202986980211286     
         154  0.92320433389505729     
         155  0.26232293955803121     
         156  0.71598557527675943     
         157  0.75239585570775902     
         158  0.68929642847972794     
         159  0.79241739000983125     
         160  0.60862065907340157     
         161  0.88134574396310161     
         162  0.38692906717654568     
         163  0.87769536735660536     
         164  0.39718097506622807     
         165  0.88588451801317314     
         166  0.37404461340364192     
         167  0.86630039017323934     
         168  0.42854888938805075     
         169  0.90611053353158044     
         170  0.31477466785237179     
         171  0.79805883242396303     
         172  0.59629544993203654     
         173  0.89069058939283063     
         174  0.36023519443156565     
         175  0.85272345676034578     
         176  0.46466880328882021     
         177  0.92038131419413693     
         178  0.27113433750271820     
         179  0.73119588155981718     
         180  0.72722931809418223     
         181  0.73395729689427591     
         182  0.72247673795071754     
         183  0.74186517396198881     
         184  0.70855457921004650     
         185  0.76406845371492571     
         186  0.66699105148465021     
         187  0.82182175827898829     
         188  0.54179379682341566     
         189  0.91853713062420728     
         190  0.27685868006876446     
         191  0.74076941995558021     
         192  0.71051131973273784     
         193  0.76103444177820989     
         194  0.67288577476049194     
         195  0.81440888287621849     
         196  0.55924410116355483     
         197  0.91201350496609324     
         198  0.29690602538455374     
         199  0.77238549865713191     
         200  0.65048271844883065     
         201  0.84121332035852492     
         202  0.49422183903666944     
         203  0.92487646756676278     
         204  0.25707595303956143     
         205  0.70665525741094182     
         206  0.76698633696234431     
         207  0.66125769473908935     
         208  0.82878503678350834     
         209  0.52503147847288822     
         210  0.92268167281620694     
         211  0.26395875282158404     
         212  0.71885275963269435     
         213  0.74778283752427022     
         214  0.69783356208515812     
         215  0.78018896233698232     
         216  0.63452833792274288     
         217  0.85803786729425402     
         218  0.45069287665851399     
         219  0.91600458807481366     
         220  0.28467867599260704     
         221  0.75345589148250236     
         222  0.68731241096939699     
         223  0.79518202457827736     
         224  0.60261001775371625     
         225  0.88604338174935360     
         226  0.37359087740783453     
         227  0.86587671478427197     
         228  0.42969664944107350     
         229  0.90671252393069834     
         230  0.31296421464830820     
         231  0.79556517549214067     
         232  0.60177254003431035     
         233  0.88667669535136950     
         234  0.37178019310693350     
         235  0.86417082014512747     
         236  0.43430457089285335     
         237  0.90903120919938318     
         238  0.30596583863329457     
         239  0.78569775362406147     
         240  0.62299413622441080     
         241  0.86902803708132104     
         242  0.42112773903725648     
         243  0.90198291586731205     
         244  0.32711602079801005     
         245  0.81441118002055790     
         246  0.55923875654889732     
         247  0.91201584797339974     
         248  0.29689888176941331     
         249  0.77237476236189540     
         250  0.65050435866471379     
         251  0.84118922068481583     
         252  0.49428268804740577     
         253  0.92487905567293582     
         254  0.25706781578675492     
         255  0.70664062933151317     
         256  0.76700870614506189     
         257  0.66121349811813801     
         258  0.82883776969069856     
         259  0.52490316853193431     
         260  0.92270537912915940     
         261  0.26388460108451239     
         262  0.71872321806142658     
         263  0.74799256935915859     
         264  0.69744883650777878     
         265  0.78075164075838055     
         266  0.63336050998246574     
         267  0.85919540519570159     
         268  0.44762104527929431     
         269  0.91484884687875512     
         270  0.28823160670045861     
         271  0.75907034611752378     
         272  0.67666545632142183     
         273  0.80952047120815207     
         274  0.57052918824140897     
         275  0.90659484434222926     
         276  0.31331834045097795     
         277  0.79605484455568520     
         278  0.60070065735590361     
         279  0.88747969714992891     
         280  0.36948009189741765     
         281  0.86196884827890574     
         282  0.44022064563987734     
         283  0.91177778653146135     
         284  0.29762450172122595     
         285  0.77346338347674626     
         286  0.64830577822056512     
         287  0.84361996574165254     
         288  0.48812368083171048     
         289  0.92447812625914805     
         290  0.25832778521183425     
         291  0.70889980021771604     
         292  0.76353523183529393     
         293  0.66803197185161622     
         294  0.82053144881193341     
         295  0.54486048419333477     
         296  0.91755388674437655     
         297  0.27990038115925819     
         298  0.74575778380879276     
         299  0.70153151328034546     
         300  0.77472468187325561     
         301  0.64574749192766245     
         302  0.84640337380814512     
         303  0.48101739967303758     
         304  0.92366674527385917     
         305  0.26087400911150327     
         306  0.71342941378189995     
         307  0.75645717573104387     
         308  0.68164995295940900     
         309  0.80291218998242475     
         310  0.58550355909219032     
         311  0.89794982311550275     
         312  0.33905297164465825     
         313  0.82915540003526400     
         314  0.52412987372221376     
         315  0.92284567201835510     
         316  0.26344568932477902     
         317  0.71795561497359284     
         318  0.74923279463548698     
         319  0.69516715208928515     
         320  0.78406619615782402     
         321  0.62643366594157124     
         322  0.86585375403132814     
         323  0.42975881344638250     
         324  0.90674485013269757     
         325  0.31286691949495876     
         326  0.79543047766856700     
         327  0.60206708159873268     
         328  0.88645455015949537     
         329  0.37241565844578173     
         330  0.86477227242365329     
         331  0.43268240030227106     
         332  0.90823286085246435     
         333  0.30837994588478618     
         334  0.78914249298526529     
         335  0.61566748937598359     
         336  0.87549781803538995     
         337  0.40330513800744638     
         338  0.89040538355769183     
         339  0.36105945500993469     
         340  0.85357344234409549     
         341  0.46244753721510234     
         342  0.91978230639351888     
         343  0.27299641638407002     
         344  0.73433668019444442     
         345  0.72181938516715272     
         346  0.74294579334704558     
         347  0.70661616353140611     
         348  0.76704611557998414     
         349  0.66113957696847447     
         350  0.82892593591735808     
         351  0.52468859611929319     
         352  0.92274475092013619     
         353  0.26376143960704646     
         354  0.71850796755881996     
         355  0.74834079201926063     
         356  0.69680934877121148     
         357  0.78168449687413100     
         358  0.63141922361684044     
         359  0.86109725435660356     
         360  0.44255245971565271     
         361  0.91278918642652973     
         362  0.29453882400649767     
         363  0.76880710908965810     
         364  0.65764813098058439     
         365  0.83304414715381558     
         366  0.51460190537237427     
         367  0.92421110213013613     
         368  0.25916628106928030     
         369  0.71039674335619674     
         370  0.76121287842489471     
         371  0.67254097893643039     
         372  0.81484955917433577     
         373  0.55821809382458787     
         374  0.91245941814029652     
         375  0.29554574503326175     
         376  0.77033429321618518     
         377  0.65460166867183078     
         378  0.83656379896237620     
         379  0.50588179414364898     
         380  0.92487199664131148     
         381  0.25709000993909403     
         382  0.70668052589585917     
         383  0.76694769279702113     
         384  0.66133403844828476     
         385  0.82869391374047929     
         386  0.52525315095887548     
         387  0.92264042995659856     
         388  0.26408774777457561     
         389  0.71907801422473272     
         390  0.74741784762838692     
         391  0.69850231209726443     
         392  0.77920827874054888     
         393  0.63655812720613791     
         394  0.85600194820762343     
         395  0.45607166762779350     
         396  0.91786011597548878     
         397  0.27895381686471898     
         398  0.74421276420889804     
         399  0.70433246545056194     
         400  0.77051850118271115     
         401  0.65423303991608028     
         402  0.83698502677350572     
         403  0.50483203940270072     
         404  0.92491361016227980     
         405  0.25695916842577504     
         406  0.70644527049452421     
         407  0.76730729607463810     
         408  0.66062319502148337     
         409  0.82954070011803493     
         410  0.52319082977314690     
         411  0.92301008603340184     
         412  0.26293112832185173     
         413  0.71705389530062380     
         414  0.75068414417885554     
         415  0.69248260147206464     
         416  0.78791665808302147     
         417  0.61828479259372671     
         418  0.87323221901191850     
         419  0.40958152955832544     
         420  0.89475065075105586     
         421  0.34843611780698630     
         422  0.84000504157395439     
         423  0.49726731530588608     
         424  0.92497237000714150     
         425  0.25677439350289893     
         426  0.70611282607323422     
         427  0.76781476083398736     
         428  0.65961843935390641     
         429  0.83073122912742625     
         430  0.52028236009548900     
         431  0.92347791571514060     
         432  0.26146588313577301     
         433  0.71447545783967226     
         434  0.75480102854251296     
         435  0.68478281265860674     
         436  0.79866465494010475     
         437  0.59495786839118026     
         438  0.89163711195323225     
         439  0.35749537840144630     
         440  0.84986200144529622     
         441  0.47210734579535873     
         442  0.92212139941325522     
         443  0.26571003938236171     
         444  0.72190039310900633     
         445  0.74281279749085327     
         446  0.70685519788626383     
         447  0.76668043029750821     
         448  0.66186172795644271     
         449  0.82806288978493181     
         450  0.52678653928005081     
         451  0.92234518085957373     
         452  0.26501082835736767     
         453  0.72068633007962513     
         454  0.74480091174915097     
         455  0.70326830034510235     
         456  0.77212339287680920     
         457  0.65101077848209088     
         458  0.84062425569426169     
         459  0.49570793080110193     
         460  0.92493183912537014     
         461  0.25690184876086308     
         462  0.70634216879722078     
         463  0.76746476469141933     
         464  0.66031161869968569     
         465  0.82991068416658043     
         466  0.52228807974913372     
         467  0.92316199355405615     
         468  0.26245553068202071     
         469  0.71621871285682659     
         470  0.75202303237898760     
         471  0.68999224725684916     
         472  0.79144090013448154     
         473  0.61073014639657175     
         474  0.87963368831227706     
         475  0.39174957198414240     
         476  0.88164282588721954     
         477  0.38609038776062449     
         478  0.87699102088605796     
         479  0.39914774963376493     
         480  0.88736664730544512     
         481  0.36980419805475390     
         482  0.86228149667658671     
         483  0.43938283351335750     
         484  0.91140456877038356     
         485  0.29876123894096257     
         486  0.77516095587546741     
         487  0.64485985893828657     
         488  0.84735779869300509     
         489  0.47856747084245410     
         490  0.92330039276747056     
         491  0.26202207668674909     
         492  0.71545607965739610     
         493  0.75324110763306351     
         494  0.68771508319768293     
         495  0.79462327589832182     
         496  0.60382936360608297     
         497  0.88511201403667650     
         498  0.37624832558507437     
         499  0.86833643539415828     
         500  0.42301460033616278     
         501  0.90307101848281734     
         502  0.32387489001913000     
         503  0.81022579884663792     
         504  0.56891182880087177     
         505  0.90742929144988160     
         506  0.31080507813399549     
         507  0.79255954169843090     
         508  0.60831298387645516     
         509  0.88159270083798158     
         510  0.38623193946854639     
         511  0.87711026509077261     
         512  0.39881503746371866     
         513  0.88711793241916592     
         514  0.37051691367818734     
         515  0.86296628231933858     
         516  0.43754526822732936     
         517  0.91056780397305404     
         518  0.30130608986075236     
         519  0.77892670127223351     
         520  0.63713961267434382     
         521  0.85541308855146458     
         522  0.45762168499934253     
         523  0.91835509014550876     
         524  0.27742236863257003     
         525  0.74169903265499837     
         526  0.70885183717046074     
         527  0.76360936740893648     
         528  0.66788737523276320     
         529  0.82071116817857759     
         530  0.54443408244046887     
         531  0.91769476557539242     
         532  0.27946500640039651     
         533  0.74504797141268464     
         534  0.70282051931415401     
         535  0.77279619669700650     
         536  0.64965426975029816     
         537  0.84213331831836846     
         538  0.49189573223690930     
         539  0.92475698712288934     
         540  0.25745155699405681     
         541  0.70732993534295319     
         542  0.76595290226954138     
         543  0.66329549896530882     
         544  0.82633794606538202     
         545  0.53096311634396298     
         546  0.92145275607719990     
         547  0.26779702526124932     
         548  0.72550258053315797     
         549  0.73684976883968045     
         550  0.71743809190218277     
         551  0.75006650190277036     
         552  0.69362695511661354     
         553  0.78628182833339499     
         554  0.62175804463452766     
         555  0.87014742069707263     
         556  0.41806628171982602     
         557  0.90016140349250495     
         558  0.33252214927316198     
         559  0.82121932720890023     
         560  0.54322713216160745     
         561  0.91808623566680680     
         562  0.27825442832004932     
         563  0.74306693532922796     
         564  0.70639832031373062     
         565  0.76737901347518145     
         566  0.66048131366624330     
         567  0.82970926746664031     
         568  0.52277965610246235     
         569  0.92308002289105817     
         570  0.26271218865285628     
         571  0.71666962996850470     
         572  0.75130080436245172     
         573  0.69133725118910372     
         574  0.78954320833737202     
         575  0.61480950287109437     
         576  0.87622947878682100     
         577  0.40127010337964897     
         578  0.88893390779933878     
         579  0.36530253684656111     
         580  0.85786939565410347     
         581  0.45113913392041693     
         582  0.91616667833402632     
         583  0.28417959462436537     
         584  0.75265974470693797     
         585  0.68880329759711234     
         586  0.79310726482088811     
         587  0.60712608584410577     
         588  0.88253880640736881     
         589  0.38355702789197477     
         590  0.87483182671260384     
         591  0.40515407622818234     
         592  0.89171572775232100     
         593  0.35726751793643730     
         594  0.84962152268670665     
         595  0.47272972623464610     
         596  0.92224842902442183     
         597  0.26531317748970890     
         598  0.72121175275808558     
         599  0.74394183363427380     
         600  0.70482181267164867     
         601  0.76977769269943019     
         602  0.65571398713055573     
         603  0.83528667058404893     
         604  0.50905653955605490     
         605  0.92469652263769764     
         606  0.25764159553995603     
         607  0.70767089401405248     
         608  0.76542935918379551     
         609  0.66432484454813479     
         610  0.82509017821765596     
         611  0.53397059129772706     
         612  0.92073019602946637     
         613  0.27004857795132514     
         614  0.72935267094183120     
         615  0.73037020362783800     
         616  0.72863940633773339     
         617  0.73157888091725676     
         618  0.72657352107851081     
         619  0.73505842632051688     
         620  0.72056588399817201     
         621  0.74499755601958828     
         622  0.70291193091438620     
         623  0.77265896868260286     
         624  0.64993122114867574     
         625  0.84182632702200755     
         626  0.49267261997218115     
         627  0.92480134515713330     
         628  0.25731212346495341     
         629  0.70707959995676706     
         630  0.76633674534245777     
         631  0.66253953089743123     
         632  0.82724933331387918     
         633  0.52875913322879997     
         634  0.92193977534693405     
         635  0.26627725612666164     
         636  0.72288261228637618     
         637  0.74119636221948337     
         638  0.70974996495272480     
         639  0.76221832314862370     
         640  0.67059373871895867     
         641  0.81732177234658443     
         642  0.55243550334084313     
         643  0.91482691656075199     
         644  0.28829892839778598     
         645  0.75917582824515495     
         646  0.67646319319772041     
         647  0.80978474335191686     
         648  0.56992362730963186     
         649  0.90690953947229569     
         650  0.31237111873984369     
         651  0.79474299079313004     
         652  0.60356830669978723     
         653  0.88531234163515371     
         654  0.37567727771944798     
         655  0.86781228468158522     
         656  0.42444225597805629     
         657  0.90387680107776336     
         658  0.32146905933941328     
         659  0.80706880193933050     
         660  0.57612237823951362     
         661  0.90355991906529365     
         662  0.32241574937885048     
         663  0.80831618554590168     
         664  0.57328218000257303     
         665  0.90512997174806076     
         666  0.31771791216823730     
         667  0.80206098968606621     
         668  0.58740888648653455     
         669  0.89673084028378125     
         670  0.34263716936058197     
         671  0.83337667627265444     
         672  0.51378196935437170     
         673  0.92429721208664617     
         674  0.25889594051734854     
         675  0.70991468025364846     
         676  0.76196255995183160     
         677  0.67108978357888727     
         678  0.81669465803323926     
         679  0.55390662622087572     
         680  0.91424807990308643     
         681  0.29007455469744270     
         682  0.76194583743373534     
         683  0.67112219952921470     
         684  0.81665361346464937     
         685  0.55400280959518766     
         686  0.91420967725655589     
         687  0.29019227008797327     
         688  0.76212865093589954     
         689  0.67076771032654381     
         690  0.81710203970636963     
         691  0.55295129673202204     
         692  0.91462579264527022     
         693  0.28891617267114117     
         694  0.76014138600874204     
         695  0.67460789935616750     
         696  0.81219470148497808     
         697  0.56437753294941018     
         698  0.90966547302998624     
         699  0.30404454076633525     
         700  0.78292539458713717     
         701  0.62882691806153712     
         702  0.86359341317623428     
         703  0.43585937061096791     
         704  0.90977812474784170     
         705  0.30370298736912649     
         706  0.78242968647912037     
         707  0.62986384712263133     
         708  0.86260091047888643     
         709  0.43852614496356562     
         710  0.91101757104375014     
         711  0.29993885828519451     
         712  0.77690949643034357     
         713  0.64128818391076614     
         714  0.85113930162263085     
         715  0.46879440616709300     
         716  0.92139698038008189     
         717  0.26797096422823086     
         718  0.72580134826764542     
         719  0.73635087914590003     
         720  0.71831156912975258     
         721  0.74865821750118955     
         722  0.69622563621578515     
         723  0.78253334885932835     
         724  0.62964715509463243     
         725  0.86280897615071284     
         726  0.43796769325054452     
         727  0.91076237380156344     
         728  0.30071480739494727     
         729  0.77805602443095812     
         730  0.63893393492730655     
         731  0.85358023838477537     
         732  0.46242975558793209     
         733  0.91977736391882470     
         734  0.27301176954304168     
         735  0.73436246996586962     
         736  0.72177466088453834     
         737  0.74301919922132764     
         738  0.70648417459635127     
         739  0.76724785687267505     
         740  0.66074075708876012     
         741  0.82940091333896915     
         742  0.52353164167837596     
         743  0.92295116880770600     
         744  0.26311554257552294     
         745  0.71737728917363119     
         746  0.75016432236063713     
         747  0.69344590372602000     
         748  0.78654112462700665     
         749  0.62120848042071397     
         750  0.87064146581417512     
         751  0.41671214413074276     
         752  0.89933359233939680     
         753  0.33497092350845609     
         754  0.82423199447568807     
         755  0.53603237090577438     
         756  0.92019617251356223     
         757  0.27171015343832483     
         758  0.73216986004033324     
         759  0.72555947752875272     
         760  0.73675481175873758     
         761  0.71760448870361360     
         762  0.74979866003534401     
         763  0.69412232894482251     
         764  0.78557112919864114     
         765  0.62326178162238810     
         766  0.86878417280771636     
         767  0.42179346538015511     
         768  0.90236983038819341     
         769  0.32596452249549296     
         770  0.81293311450817940     
         771  0.56266960362357954     
         772  0.91046832689215484     
         773  0.30160828468791390     
         774  0.77937069099345424     
         775  0.63622246295120766     
         776  0.85634073017377543     
         777  0.45517875087111609     
         778  0.91756690581814826     
         779  0.27986015291219352     
         780  0.74569225657938154     
         781  0.70165066571064605     
         782  0.77454693336827707     
         783  0.64610873109887690     
         784  0.84601328317770152     
         785  0.48201678909897461     
         786  0.92380343526505027     
         787  0.26044539855290672     
         788  0.71267029382443992     
         789  0.75765398066111767     
         790  0.67937337712307755     
         791  0.80595320884401012     
         792  0.57865274579279802     
         793  0.90211085864323792     
         794  0.32673537223643234     
         795  0.81392366443402364     
         796  0.56037215176076383     
         797  0.91151425217956861     
         798  0.29842727493643456     
         799  0.77466321508865854     
         800  0.64587243762549684     
         801  0.84626855818242352     
         802  0.48136291677278265     
         803  0.92371483877649263     
         804  0.26072322098226020     
         805  0.71316250518471413     
         806  0.75687846161849393     
         807  0.68084978703910903     
         808  0.80398541175326299     
         809  0.58309361693243689     
         810  0.89945316805281628     
         811  0.33461751617050350     
         812  0.82379994595682948     
         813  0.53706830149391105     
         814  0.91991598179011924     
         815  0.27258110247778894     
         816  0.73363838668419368     
         817  0.72302848579014656     
         818  0.74095568974677140     
         819  0.71017931564103332     
         820  0.76155122452366764     
         821  0.67188654071562903     
         822  0.81568356334701331     
         823  0.55627238498036924     
         824  0.91328364914789817     
         825  0.29302751378388892     
         826  0.76650084281323039     
         827  0.66221601288540011     
         828  0.82763807110518584     
         829  0.52781718914115083     
         830  0.92213695475665625     
         831  0.26566144828647403     
         832  0.72181613976898629     
         833  0.74295112051054657     
         834  0.70660658625787864     
         835  0.76706075850500333     
         836  0.66111063968690953     
         837  0.82896043858479684     
         838  0.52460461043056295     
         839  0.92276006863857285     
         840  0.26371352014942395     
         841  0.71842418792734630     
         842  0.74847623427463350     
         843  0.69656037570258067     
         844  0.78204686920354327     
         845  0.63066338521817367     
         846  0.86183019512431058     
         847  0.44059196661632233     
         848  0.91194153660709032     
         849  0.29712543054582030     
         850  0.77271506355449060     
         851  0.64981802820873957     
         852  0.84195186616748774     
         853  0.49235500853091851     
         854  0.92478375019011949     
         855  0.25736743262534723     
         856  0.70717891782198294     
         857  0.76618451523741449     
         858  0.66283947423694389     
         859  0.82688823083187213     
         860  0.52963311281135217     
         861  0.92175095091290582     
         862  0.26686670099502091     
         863  0.72390080011170355     
         864  0.73951319732455423     
         865  0.71274368473726590     
         866  0.75753846103632017     
         867  0.67959358202206210     
         868  0.80566073759699397     
         869  0.57931459991914791     
         870  0.90172401868676244     
         871  0.32788590739758366     
         872  0.81539393477229338     
         873  0.55694866386274633     
         874  0.91300034383171735     
         875  0.29389364918106803     
         876  0.76782463696278247     
         877  0.65959886619228891     
         878  0.83075434706750273     
         879  0.52022577901501488     
         880  0.92348639609397243     
         881  0.26143930759635464     
         882  0.71442854534760525     
         883  0.75487547607840699     
         884  0.68464241926707992     
         885  0.79885655492663965     
         886  0.59453361043630748     
         887  0.89193456704214302     
         888  0.35663299208270521     
         889  0.84894983385111666     
         890  0.47446584978452888     
         891  0.92258762653926285     
         892  0.26425288221487631     
         893  0.71936619688722603     
         894  0.74695034515396874     
         895  0.69935745000484217     
         896  0.77794944637199737     
         897  0.63915318946755062     
         898  0.85335464248572956     
         899  0.46301983754499432     
         900  0.91994013006376518     
         901  0.27250606249950354     
         902  0.73351208108192489     
         903  0.72324679955851756     
         904  0.74059520600145268     
         905  0.71082160334173872     
         906  0.76055073078834878     
         907  0.67381927173693235     
         908  0.81321138485951716     
         909  0.56202492505921864     
         910  0.91076576208417381     
         911  0.30070450818780931     
         912  0.77804083569034710     
         913  0.63896518664786961     
         914  0.85354810452971430     
         915  0.46251382979875100     
         916  0.91980071206147918     
         917  0.27293923996489772     
         918  0.73424062163344217     
         919  0.72198592535408079     
         920  0.74267232109536219     
         921  0.70710753492450096     
         922  0.76629393521673750     
         923  0.66262389824710088     
         924  0.82714783055999141     
         925  0.52900489875159729     
         926  0.92188724863911553     
         927  0.26644125291215331     
         928  0.72316615313739441     
         929  0.74072841194727113     
         930  0.71058437722097634     
         931  0.76092061426067825     
         932  0.67310560229917227     
         933  0.81412746667477098     
         934  0.55989855831781543     
         935  0.91172500203235485     
         936  0.29778533399539242     
         937  0.77370414675478660     
         938  0.64781834818216677     
         939  0.84415402298057418     
         940  0.48676463132525971     
         941  0.92435185255936170     
         942  0.25872436934891968     
         943  0.70960845919951698     
         944  0.76243788717841643     
         945  0.67016751488131654     
         946  0.81785916245273260     
         947  0.55117254552593520     
         948  0.91531107116226562     
         949  0.28681184242919072     
         950  0.75683799504478610     
         951  0.68092670391508547     
         952  0.80388245289856508     
         953  0.58332518283530010     
         954  0.89931058145021625     
         955  0.33503892030499383     
         956  0.82431501608767399     
         957  0.53583315025819156     
         958  0.92024914576752337     
         959  0.27154542528216752     
         960  0.73189147697482881     
         961  0.72603746875380004     
         962  0.73595613206168697     
         963  0.71900140384720468     
         964  0.74754202491792821     
         965  0.69827489982826774     
         966  0.77954213716293452     
         967  0.63586791613640270     
         968  0.85669766464958041     
         969  0.45423707132408131     
         970  0.91725129112831028     
         971  0.28083503219150485     
         972  0.74727685247635467     
         973  0.69876038544873242     
         974  0.77882894395220392     
         975  0.63734135405364534     
         976  0.85520820412683174     
         977  0.45816038736766684     
         978  0.91852295321467237     
         979  0.27690258924013589     
         980  0.74084191765530460     
         981  0.71038213159042729     
         982  0.76123562721763216     
         983  0.67249700416717817     
         984  0.81490569914738953     
         985  0.55808728238462713     
         986  0.91251571021312372     
         987  0.29537391866123991     
         988  0.77007421729298964     
         989  0.65512169346824234     
         990  0.83596786279751534     
         991  0.50736470211889861     
         992  0.92479931630198964     
         993  0.25731850121664002     
         994  0.70709105354856960     
         995  0.76631919349853095     
         996  0.66257412254488057     
         997  0.82720772231142004     
         998  0.52885989390115873     
         999  0.92191829413885129     
        1000  0.26634432636255856     
