   0.0000000000000000        1.5601788627961974     
   4.6127335380307742E-002   1.5670455484517032     
   9.2254670760615484E-002   1.5881149136454511     
  0.13838200614092322        1.6247734903426228     
  0.18450934152123097        1.6794178346497701     
  0.23063667690153872        1.7555819745470171     
  0.27676401228184644        1.8581152060909805     
  0.32289134766215416        1.9934051091336686     
  0.36901868304246188        2.1696331126331323     
  0.41514601842276960        2.3970354142263814     
  0.46127335380307732        2.6881174631870524     
  0.50740068918338510        3.0577314435679406     
  0.55352802456369288        3.5228696249308022     
  0.59965535994400065        4.1019519826786022     
  0.64578269532430843        4.8133039340975934     
  0.69191003070461621        5.6724600800359655     
  0.73803736608492398        6.6879585327134929     
  0.78416470146523176        7.8555186492921996     
  0.83029203684553954        9.1510600271174951     
  0.87641937222584732        10.524000414084959     
  0.92254670760615509        11.893501739637324     
  0.96867404298646287        13.151196837689090     
   1.0148013783667706        14.173352391900005     
   1.0609287137470784        14.842486522219190     
   1.1070560491273862        15.073603878838416     
   1.1531833845076940        14.836021664524496     
   1.1993107198880018        14.161721238169582     
   1.2454380552683095        13.136499628814823     
   1.2915653906486173        11.877938216186221     
   1.3376927260289251        10.509311893840440     
   1.3838200614092329        9.1382936664569083     
   1.4299473967895406        7.8450779267384574     
   1.4760747321698484        6.6797980358710438     
   1.5222020675501562        5.6662950383209543     
   1.5683294029304640        4.8087674586452174     
   1.6144567383107717        4.0986872449835809     
   1.6605840736910795        3.5205711714509880     
   1.7067114090713873        3.0561555358158277     
   1.7528387444516951        2.6870772410423309     
   1.7989660798320029        2.3963906087273843     
   1.8450934152123106        2.1692792386099802     
   1.8912207505926184        1.9932641256681780     
   1.9373480859729262        1.8581281205545108     
   1.9834754213532340        1.7557032188464829     
   2.0296027567335417        1.6796110395117005     
   2.0757300921138495        1.6250082753142103     
   2.1218574274941573        1.5883643693555090     
   2.1679847628744651        1.5672841698733062     
   2.2141120982547728        1.5603804558272514     
   2.2602394336350806        1.5671975134080556     
   2.3063667690153884        1.5881856545672246     
   2.3524941043956962        1.6247265259986472     
   2.3986214397760039        1.6792093998975373     
   2.4447487751563117        1.7551586085253326     
   2.4908761105366195        1.8574110238859132     
   2.5370034459169273        1.9923388169483569     
   2.5831307812972351        2.1681049343765615     
   2.6292581166775428        2.3949243019790236     
   2.6753854520578506        2.6852792918752426     
   2.7215127874381584        3.0539993837378159     
   2.7676401228184662        3.5180585717177335     
   2.8137674581987739        4.0958697551668672     
   2.8598947935790817        4.8057727561079284     
   2.9060221289593895        5.6633521306418935     
   2.9521494643396973        6.6772481975070104     
   2.9982767997200050        7.8433501599949649     
   3.0444041351003128        9.1378211332053727     
   3.0905314704806206        10.510380690329253     
   3.1366588058609284        11.880501915391699     
   3.1827861412412362        13.140052343575096     
   3.2289134766215439        14.165352099202828     
   3.2750408120018517        14.838710901775569     
   3.3211681473821595        15.074659595214150     
   3.3672954827624673        14.841875991866134     
   3.4134228181427750        14.171709705589503     
   3.4595501535230828        13.149503492087410     
   3.5056774889033906        11.892653888706743     
   3.5518048242836984        10.524509311821943     
   3.5979321596640061        9.1529902235469329     
   3.6440594950443139        7.8586075380901361     
   3.6901868304246217        6.6917964159412486     
   3.7363141658049295        5.6766383409444678     
   3.7824415011852373        4.8174973575504945     
   3.8285688365655450        4.1059431418620305     
   3.8746961719458528        3.5265383250969613     
   3.9208235073261606        3.0610300641801640     
   3.9669508427064684        2.6910451626932881     
   4.0130781780867757        2.3996170332546343     
   4.0592055134670835        2.1719041486906185     
   4.1053328488473912        1.9954020171500106     
   4.1514601842276990        1.8598696118073570     
   4.1975875196080068        1.7571174227388182     
   4.2437148549883146        1.6807479761887691     
   4.2898421903686224        1.6259009188463116     
   4.3359695257489301        1.5890301097227566     
   4.3820968611292379        1.5677255737222442     
   4.4282241965095457        1.5605852559471263     
   4.4743515318898535        1.5671377701080265     
   4.5204788672701612        1.5878160279343494     
   4.5666062026504690        1.6239815889105336     
   4.6127335380307768        1.6779999200312636     
   4.6588608734110846        1.7533667491083287     
   4.7049882087913923        1.8548844805727385     
   4.7511155441717001        1.9888840572564517     
   4.7972428795520079        2.1634799897937183     
   4.8433702149323157        2.3888320572996236     
   4.8894975503126235        2.6773630206410042     
   4.9356248856929312        3.0438435003228190     
   4.9817522210732390        3.5051992769226556     
   5.0278795564535468        4.0798223560576483     
   5.0740068918338546        4.7860844808933507     
   5.1201342272141623        5.6396900575406423     
   5.1662615625944701        6.6495292058417252     
   5.2123888979747779        7.8119102060860559     
   5.2585162333550857        9.1036012841213338     
   5.3046435687353934        10.475077262566778     
   5.3507709041157012        11.846596970905471     
   5.3968982394960090        13.110631454308665     
   5.4430255748763168        14.143658839730335     
   5.4891529102566246        14.827494417726385     
   5.5352802456369323        15.075504635648747     
   5.5814075810172401        14.854774569161366     
   5.6275349163975479        14.195063142690678     
   5.6736622517778557        13.180553347919274     
   5.7197895871581634        11.928151542893156     
   5.7659169225384712        10.561366326215337     
   5.8120442579187790        9.1887222630528935     
   5.8581715932990868        7.8915164216957301     
   5.9042989286793945        6.7209402808556602     
   5.9504262640597023        5.7016820583964423     
   5.9965535994400101        4.8385264572612598     
   6.0426809348203179        4.1232939566438516     
   6.0888082702006256        3.5406672226183793     
   6.1349356055809334        3.0724247297359177     
   6.1810629409612412        2.7001711541172888     
   6.2271902763415490        2.4068899979741243     
   6.2733176117218568        2.1776788244871685     
   6.3194449471021645        1.9999711562451941     
   6.3655722824824723        1.8634680733713442     
   6.4116996178627801        1.7599283938943779     
   6.4578269532430879        1.6829095098217759     
   6.5039542886233956        1.6275117817661329     
   6.5500816240037034        1.5901544238147256     
   6.5962089593840112        1.5683960055113544     
   6.6423362947643190        1.5608046438466698     
   6.6884636301446267        1.5668791285874133     
   6.7345909655249345        1.5870208720508656     
   6.7807183009052423        1.6225565090652969     
   6.8268456362855501        1.6758113298168893     
   6.8729729716658579        1.7502337561618670     
   6.9191003070461656        1.8505699291682158     
   6.9652276424264734        1.9830840183767187     
   7.0113549778067812        2.1558124140945027     
   7.0574823131870890        2.3788260796030509     
   7.1036096485673967        2.6644516694295168     
   7.1497369839477045        3.0273644953988859     
   7.1958643193280123        3.4844113065025137     
   7.2419916547083201        4.0539475867012014     
   7.2881189900886278        4.7543913620367828     
   7.3342463254689356        5.6016319021419196     
   7.3803736608492434        6.6049499945852652     
   7.4265009962295512        7.7613141899707490     
   7.4726283316098590        9.0484517652431808     
   7.5187556669901667        10.418042128918538     
   7.5648830023704745        11.791608191826183     
   7.6110103377507823        13.062608532884012     
   7.6571376731310901        14.107810601845626     
   7.7032650085113978        14.808281533837716     
   7.7493923438917056        15.075559264647929     
   7.7955196792720134        14.874191952120237     
   7.8416470146523212        14.231376151884312     
   7.8877743500326289        13.229400430790914     
   7.9339016854129367        11.984342013347511     
   7.9800290207932445        10.619929656372271     
   8.0261563561735514        9.2456345728693794     
   8.0722836915538583        7.9440075387046756     
   8.1184110269341652        6.7674567284692815     
   8.1645383623144721        5.7416526047925709     
   8.2106656976947789        4.8720649027077449     
   8.2567930330750858        4.1509255085416381     
   8.3029203684553927        3.5631166369619276     
   8.3490477038356996        3.0904718869788796     
   8.3951750392160065        2.7145636096372519     
   8.4413023745963134        2.4182971949910939     
   8.4874297099766203        2.1866736813861380     
   8.5335570453569272        2.0070279291288622     
   8.5796843807372341        1.8689687743796828     
   8.6258117161175409        1.7641728184438175     
   8.6719390514978478        1.6861259213487201     
   8.7180663868781547        1.6298666167731051     
   8.7641937222584616        1.5917601829515262     
   8.8103210576387685        1.5693169486261380     
   8.8564483930190754        1.5610601334676080     
   8.9025757283993823        1.5664445560456879     
   8.9487030637796892        1.5858261145701276     
   8.9948303991599960        1.6204818483660113     
   9.0409577345403029        1.6726807495627969     
   9.0870850699206098        1.7458055658741394     
   9.1332124053009167        1.8445247879036599     
   9.1793397406812236        1.9750107290249415     
   9.2254670760615305        2.1451924428907119     
   9.2715944114418374        2.3650187892859371     
   9.3177217468221443        2.6466839539972820     
   9.3638490822024512        3.0047311091315390     
   9.4099764175827580        3.4558958552884906     
   9.4561037529630649        4.0184787510492272     
   9.5022310883433718        4.7109535312779478     
   9.5483584237236787        5.5494515917777445     
   9.5944857591039856        6.5437744180231565     
   9.6406130944842925        7.6917788434899546     
   9.6867404298645994        8.9724921825893666     
   9.7328677652449063        10.339240030556621     
   9.7789951006252132        11.715292098300049     
   9.8251224360055200        12.995501223277920     
   9.8712497713858269        14.057097341271865     
   9.9173771067661338        14.780197860706899     
   9.9635044421464407        15.073892671775134     
   10.009631777526748        14.899266895926063     
   10.055759112907054        14.279965961194385     
   10.101886448287361        13.295604634377920     
   10.148013783667668        12.061038414597849     
   10.194141119047975        10.700232251420177     
   10.240268454428282        9.3239221730065189     
   10.286395789808589        8.0163752212806738     
   10.332523125188896        6.8316848508789887     
   10.378650460569203        5.7968933920198129     
   10.424777795949510        4.9184345305412966     
   10.470905131329816        4.1891242198077681     
   10.517032466710123        3.5941323962698739     
   10.563159802090430        3.1153771020016432     
   10.609287137470737        2.7343912403199573     
   10.655414472851044        2.4339752888644322     
   10.701541808231351        2.1989985087348907     
   10.747669143611658        2.0166602063494126     
   10.793796478991965        1.8764421356930789     
   10.839923814372272        1.7699075642216782     
   10.886051149752578        1.6904438713051688     
   10.932178485132885        1.6330047491600566     
   10.978305820513192        1.5938818787486351     
   11.024433155893499        1.5705203052632339     
   11.070560491273806        1.5613831404770901     
   11.116687826654113        1.5658670596217663     
   11.162815162034420        1.5842685245868446     
   11.208942497414727        1.6178005201485015     
   11.255069832795034        1.6686599522896550     
   11.301197168175340        1.7401459800976014     
   11.347324503555647        1.8368286214785847     
   11.393451838935954        1.9647638989860696     
   11.439579174316261        2.1317449826418962     
   11.485706509696568        2.3475659103911095     
   11.531833845076875        2.6242522909405230     
   11.577961180457182        2.9761779096162915     
   11.624088515837489        3.4199334722653898     
   11.670215851217796        3.9737426023767837     
   11.716343186598102        4.6561376406237942     
   11.762470521978409        5.4835389790787445     
   11.808597857358716        6.4663841050006825     
   11.854725192739023        7.6036279260992030     
   11.900852528119330        8.8759203437341903     
   11.946979863499637        10.238662704787428     
   11.993107198879944        11.617358057087770     
   12.039234534260251        12.908688866231897     
   12.085361869640558        13.990576370191452     
   12.131489205020864        14.742058498062706     
   12.177616540401171        15.069221638354541     
   12.223743875781478        14.928791335372214     
   12.269871211161785        14.339854392840483     
   12.315998546542092        13.378513674967367     
   12.362125881922399        12.157936600502410     
   12.408253217302706        10.802277829023632     
   12.454380552683013        9.4238200338149465     
   12.500507888063320        8.1089998104803538     
   12.546635223443626        6.9140742723767303     
   12.592762558823933        5.8678660295529843     
   12.638889894204240        4.9780716139278276     
   12.685017229584547        4.2382805543208786     
   12.731144564964854        3.6340509457033097     
   12.777271900345161        3.1474225000636089     
   12.823399235725468        2.7598860380064245     
   12.869526571105775        2.4541124368801785     
   12.915653906486082        2.2148045499087341     
   12.961781241866388        2.0289890188612891     
   13.007908577246695        1.8859850509776579     
   13.054035912627002        1.7772106973079924     
   13.100163248007309        1.6959271573434176     
   13.146290583387616        1.6369796129072105     
   13.192417918767923        1.5965659662639180     
   13.238545254148230        1.5720485656888086     
   13.284672589528537        1.5618149873310865     
   13.330799924908844        1.5651895277010226     
   13.376927260289150        1.5823953814038676     
   13.423054595669457        1.6145672673590312     
   13.469181931049764        1.6638146240236522     
   13.515309266430071        1.7333356726033253     
   13.561436601810378        1.8275818495765366     
   13.607563937190685        1.9524692818185021     
   13.653691272570992        2.1156275816047629     
   13.699818607951299        2.3266640180237328     
   13.745945943331606        2.5973999245748400     
   13.792073278711912        2.9420020698908864     
   13.838200614092219        3.3768806747197466     
   13.884327949472526        3.9201561631773054     
   13.930455284852833        4.5904145134022647     
   13.976582620233140        5.4043992691947516     
   14.022709955613447        6.3732809295960067     
   14.068837290993754        7.4972991936885602     
   14.114964626374061        8.7590250048297680     
   14.161091961754368        10.116347886235118     
   14.207219297134674        11.497492430690340     
   14.253346632514981        12.801438553934117     
   14.299473967895288        13.907095162340655     
   14.345601303275595        14.692381885159834     
   14.391728638655902        15.059911345870283     
   14.437855974036209        14.961197535132344     
   14.483983309416516        14.409744559503633     
   14.530110644796823        13.477234949253724     
   14.576237980177130        12.274587962322398     
   14.622365315557436        10.926018753098964     
   14.668492650937743        9.5455878714608744     
   14.714619986318050        8.2223392514264919     
   14.760747321698357        7.0151822705474345     
   14.806874657078664        5.9551513081991825     
   14.853001992458971        5.0515301596263686     
   14.899129327839278        4.2988934215469135     
   14.945256663219585        3.6833040340982790     
   14.991383998599892        3.1869712365913156     
   15.037511333980198        2.7913472716696615     
   15.083638669360505        2.4789517094367128     
   15.129766004740812        2.2342873392324756     
   15.175893340121119        2.0441708533503755     
   15.222020675501426        1.8977227031716519     
   15.268148010881733        1.7861828863193776     
   15.314275346262040        1.7026577676992145     
   15.360402681642347        1.6418595047617099     
   15.406530017022654        1.5998713582987485     
   15.452657352402960        1.5739550699901215     
   15.498784687783267        1.5624069473431799     
   15.544912023163574        1.5644645589465835     
   15.591039358543881        1.5802640790032298     
   15.637166693924188        1.6108480207114029     
   15.683294029304495        1.6582234416187089     
   15.729421364684802        1.7254709406253883     
   15.775548700065109        1.8169041156528034     
   15.821676035445416        1.9382765974122038     
   15.867803370825722        2.0970278431741738     
   15.913930706206029        2.3025473940834802     
   15.960058041586336        2.5664172157913883     
   16.006185376966645        2.9025591594765432     
   16.052312712346954        3.3271654505121870     
   16.098440047727262        3.8582223664161708     
   16.144567383107571        4.5143556704396133     
   16.190694718487880        5.3126515832471402     
   16.236822053868188        6.2650891949860519     
   16.282949389248497        7.3733520821684992     
   16.329076724628806        8.6222008178497465     
   16.375204060009114        9.9724024053895466     
   16.421331395389423        11.355388835965584     
   16.467458730769732        12.672938860538435     
   16.513586066150040        13.805322239239009     
   16.559713401530349        14.629410413338963     
   16.605840736910658        15.043979880528560     
   16.651968072290966        14.994544827555632     
   16.698095407671275        14.487993185237526     
   16.744222743051584        13.590600302645241     
   16.790350078431892        12.410364191327709     
   16.836477413812201        11.071326527268550     
   16.882604749192510        9.6894892053407720     
   16.928732084572818        8.3569169221996553     
   16.974859419953127        7.1356689364703136     
   17.020986755333436        6.0594496155029063     
   17.067114090713744        5.1394855669895527     
   17.113241426094053        4.3715754731868577     
   17.159368761474362        3.7424245283302797     
   17.205496096854670        3.2344731369701529     
   17.251623432234979        2.8291465810064622     
   17.297750767615288        2.5087954806375405     
   17.343878102995596        2.2576903629822063     
   17.390005438375905        2.0624006273425524     
   17.436132773756214        1.9118109288126244     
   17.482260109136522        1.7969492390888391     
   17.528387444516831        1.7107372683608548     
   17.574514779897140        1.6477285884638937     
   17.620642115277448        1.6038700988268255     
   17.666769450657757        1.5763043875194056     
   17.712896786038065        1.5632203515664824     
   17.759024121418374        1.5637543028242471     
   17.805151456798683        1.5779416912900679     
   17.851278792178991        1.6067191645242220     
   17.897406127559300        1.6519769997554958     
   17.943533462939609        1.7166622385245949     
   17.989660798319917        1.8049323590084394     
   18.035788133700226        1.9223570640783456     
   18.081915469080535        2.0761603373878379     
   18.128042804460843        2.2754842507072119     
   18.174170139841152        2.5316371502191188     
   18.220297475221461        2.8582579949573361     
   18.266424810601769        3.2712816620168388     
   18.312552145982078        3.7885244728577403     
   18.358679481362387        4.4286285885948713     
   18.404806816742695        5.2090263709991813     
   18.450934152123004        6.1425570547247368     
   18.497061487503313        7.2324754213155211     
   18.543188822883621        8.4659646245685742     
   18.589316158263930        9.8070284999153721     
   18.635443493644239        11.190783847472163     
   18.681570829024547        12.522341120420107     
   18.727698164404856        13.683786798643215     
   18.773825499785165        14.551139269461466     
   18.819952835165473        15.019108401253265     
   18.866080170545782        15.026507857293463     
   18.912207505926091        14.572579888143286     
   18.958334841306399        13.717124185092352     
   19.004462176686708        12.564413678442843     
   19.050589512067017        11.237954056266251     
   19.096716847447325        9.8557636465164684     
   19.142844182827634        8.5133047416665431     
   19.188971518207943        7.2762896318621344     
   19.235098853588251        6.1815802855540287     
   19.281226188968560        5.2427383666156810     
   19.327353524348869        4.4570591709735474     
   19.373480859729177        3.8120533398309879     
   19.419608195109486        3.2904715511631286     
   19.465735530489795        2.8737342433848552     
   19.511862865870103        2.5440108751511534     
   19.557990201250412        2.2853096288507042     
   19.604117536630721        2.0839154209755328     
   19.650244872011029        1.9284391973950805     
   19.696372207391338        1.8096616290855920     
   19.742499542771647        1.7202885724797761     
   19.788626878151955        1.6546881903764865     
   19.834754213532264        1.6086482512475127     
   19.880881548912573        1.5791728459240311     
   19.927008884292881        1.5643267883071350     
   19.973136219673190        1.5631303410551689     
   20.019263555053499        1.5755045288315765     
   20.065390890433807        1.6022667439199447     
   20.111518225814116        1.6451766254244862     
   20.157645561194425        1.7070325381092797     
   20.203772896574733        1.7918186423122724     
   20.249900231955042        1.9049006008296723     
   20.296027567335351        2.0532630795448350     
   20.342154902715659        2.2457723964358838     
   20.388282238095968        2.4934301410486084     
   20.434409573476277        2.8095546139386216     
   20.480536908856585        3.2097823852618328     
   20.526664244236894        3.7117192358998592     
   20.572791579617203        4.3339905560937808     
   20.618918914997511        5.0943613732372857     
   20.665046250377820        6.0065566486337545     
   20.711173585758129        7.0754943945320781     
   20.757300921138437        8.2909720746549134     
   20.803428256518746        9.6205522126789678     
   20.849555591899055        11.003497194541099     
   20.895682927279363        12.348807866517847     
   20.941810262659672        13.540927620934729     
   20.987937598039981        14.455355087609856     
   21.034064933420289        14.982659307750227     
   21.080192268800598        15.054368795802732     
   21.126319604180907        14.661075311175793     
   21.172446939561215        13.854956061998317     
   21.218574274941524        12.735609374240202     
   21.264701610321833        11.425488758198757     
   21.310828945702141        10.044591178866613     
   21.356956281082450        8.6921003475486884     
   21.403083616462759        7.4378837672718392     
   21.449210951843067        6.3224792054496168     
   21.495338287223376        5.3622176356961821     
   21.541465622603685        4.5562034349593086     
   21.587592957983993        3.8929474166434246     
   21.633720293364302        3.3556114630411278     
   21.679847628744611        2.9256466985752221     
   21.725974964124919        2.5850363728432075     
   21.772102299505228        2.3174992462007697     
   21.818229634885537        2.1089990600779491     
   21.864356970265845        1.9478342891631804     
   21.910484305646154        1.8245015830989491     
   21.956611641026463        1.7314581526112049     
   22.002738976406771        1.6628584378869600     
   22.048866311787080        1.6143070456433330     
   22.094993647167389        1.5826492488546549     
   22.141120982547697        1.5658084313528589     
   22.187248317928006        1.5626736451079548     
   22.233375653308315        1.5730377232415680     
   22.279502988688623        1.5975856525867624     
   22.325630324068932        1.6379331241656507     
   22.371757659449241        1.6967155669473126     
   22.417884994829549        1.7777277947910206     
   22.464012330209858        1.8861127703206462     
   22.510139665590167        2.0285936569985314     
   22.556267000970475        2.2137344351155623     
   22.602394336350784        2.4521982202971535     
   22.648521671731093        2.7569454588888505     
   22.694649007111401        3.1432722433979698     
   22.740776342491710        3.6285288127097441     
   22.786903677872019        4.2312810139750772     
   22.833031013252327        4.9695958480615641     
   22.879158348632636        5.8580824178509117     
   22.925285684012945        6.9033758983513342     
   22.971413019393253        8.0980334066504174     
   23.017540354773562        9.4134525135864688     
   23.063667690153871        10.793475172150774     
   23.109795025534179        12.151567679601040     
   23.155922360914488        13.375151516025898     
   23.202049696294797        14.339685947733560     
   23.248177031675105        14.931705029965347     
   23.294304367055414        15.075016552443216     
   23.340431702435723        14.750610653416661     
   23.386559037816031        14.001828499499240     
   23.432686373196340        12.922488226852666     
   23.478813708576649        11.633295628342541     
   23.524941043956957        10.256047012606494     
   23.571068379337266        8.8938968627181083     
   23.617195714717575        7.6213586505632556     
   23.663323050097883        6.4831937755174529     
   23.709450385478192        5.4989835284691653     
   23.755577720858501        4.6700005848171058     
   23.801705056238809        3.9859887054788699     
   23.847832391619118        3.4306488780422075     
   23.893959726999427        2.9855154192717883     
   23.940087062379735        2.6323896867870160     
   23.986214397760044        2.3546781379366286     
   24.032341733140353        2.1379876644560434     
   24.078469068520661        1.9702647727931399     
   24.124596403900970        1.8416838176756958     
   24.170723739281279        1.7444187700138822     
   24.216851074661587        1.6723803033763924     
   24.262978410041896        1.6209643387042447     
   24.309105745422205        1.5868358293314437     
   24.355233080802513        1.5677585396545262     
   24.401360416182822        1.5624746506161462     
   24.447487751563131        1.5706348805985706     
   24.493615086943439        1.5927788453455838     
   24.539742422323748        1.6303655075374079     
   24.585869757704057        1.6858539817552585     
   24.631997093084365        1.7628349380731263     
   24.678124428464674        1.8662115412642535     
   24.724251763844983        2.0024250958334884     
   24.770379099225291        2.1797126014014818     
   24.816506434605600        2.4083687304756562     
   24.862633769985909        2.7009598811181923     
   24.908761105366217        3.0723988240598086     
   24.954888440746526        3.5397314579203520     
   25.001015776126835        4.1214123156666620     
   25.047143111507143        4.8357628169331868     
   25.093270446887452        5.6982470899123232     
   25.139397782267761        6.7172314407241247     
   25.185525117648069        7.8881271368047647     
   25.231652453028378        9.1863895680839232     
   25.277779788408687        10.560835629993663     
   25.323907123788995        11.929975239109989     
   25.370034459169304        13.184901132413536     
   25.416161794549613        14.201664028567658     
   25.462289129929921        14.863070204031242     
   25.508416465310230        15.084956550586657     
   25.554543800690539        14.837851929324229     
   25.600671136070847        14.155003084008198     
   25.646798471451156        13.123182799128665     
   25.692925806831465        11.860449503350246     
   25.739053142211773        10.490045460785311     
   25.785180477592082        9.1192434848920882     
   25.831307812972391        7.8276668358792456     
   25.877435148352699        6.6648740411635092     
   25.923562483733008        5.6542281527997629     
   25.969689819113317        4.7995831527943640     
   26.015817154493625        4.0921939145210171     
   26.061944489873934        3.5164614818471502     
   26.108071825254243        3.0540772116063568     
   26.154199160634551        2.6866770416837826     
   26.200326496014860        2.3973380234064408     
   26.246453831395169        2.1712762960371910     
   26.292581166775477        1.9960464045350652     
   26.338708502155786        1.8614605299115516     
   26.384835837536095        1.7593728108409628     
   26.430963172916403        1.6834181296253341     
   26.477090508296712        1.6287564507626411     
   26.523217843677021        1.5918494945712194     
   26.569345179057329        1.5702821784315362     
   26.615472514437638        1.5626334956141965     
   26.661599849817947        1.5683978504164273     
   26.707727185198255        1.5879566243604910     
   26.753854520578564        1.6225997557002272     
   26.799981855958873        1.6745975385723708     
   26.846109191339181        1.7473229669798072     
   26.892236526719490        1.8454239557603580     
   26.938363862099798        1.9750415679172311     
   26.984491197480107        2.1440633488639866     
   27.030618532860416        2.3623876457225954     
   27.076745868240724        2.6421520993600360     
   27.122873203621033        2.9978433040510089     
   27.169000539001342        3.4461510821384245     
   27.215127874381650        4.0053588959106108     
   27.261255209761959        4.6939791557309452     
   27.307382545142268        5.5282748926618392     
   27.353509880522576        6.5183167571179359     
   27.399637215902885        7.6624103670346893     
   27.445764551283194        8.9402304067672311     
   27.491891886663502        10.305912548030769     
   27.538019222043811        11.683574824626177     
   27.584146557424120        12.968731332795649     
   27.630273892804428        14.038801753994118     
   27.676401228184737        14.773389932326884     
   27.722528563565046        15.080335090419855     
   27.768655898945354        14.918983137501570     
   27.814783234325663        14.311217282829988     
   27.860910569705972        13.335346390038687     
   27.907037905086280        12.105656109929178     
   27.953165240466589        10.746271255126191     
   27.999292575846898        9.3685948624849242     
   28.045419911227206        8.0577750417230511     
   28.091547246607515        6.8687584720172215     
   28.137674581987824        5.8292737553532374     
   28.183801917368132        4.9462299643287393     
   28.229929252748441        4.2127248001031647     
   28.276056588128750        3.6140605109229398     
   28.322183923509058        3.1321860148458072     
   28.368311258889367        2.7486039864181824     
   28.414438594269676        2.4460528295159816     
   28.460565929649984        2.2093268635667527     
   28.506693265030293        2.0255485927495114     
   28.552820600410602        1.8841265688152751     
   28.598947935790910        1.7765563370362059     
   28.645075271171219        1.6961627276645956     
   28.691202606551528        1.6378404568264766     
   28.737329941931836        1.5978234281446464     
   28.783457277312145        1.5734972197348647     
   28.829584612692454        1.5632604759217152     
   28.875711948072762        1.5664366618554844     
   28.921839283453071        1.5832360520754671     
   28.967966618833380        1.6147676726651956     
   29.014093954213688        1.6631013248950366     
   29.060221289593997        1.7313800613022639     
   29.106348624974306        1.8239827916408649     
   29.152475960354614        1.9467340453505857     
   29.198603295734923        2.1071518164786012     
   29.244730631115232        2.3147126665442128     
   29.290857966495540        2.5810927706854834     
   29.336985301875849        2.9203104401062867     
   29.383112637256158        3.3486458094790184     
   29.429239972636466        3.8841449130776819     
   29.475367308016775        4.5454334508577077     
   29.521494643397084        5.3494916652120974     
   29.567621978777392        6.3080274235205884     
   29.613749314157701        7.4222244642487265     
   29.659876649538010        8.6760701547072507     
   29.706003984918318        10.029297886838391     
   29.752131320298627        11.412164928096802     
   29.798258655678936        12.725392556854752     
   29.844385991059244        13.848681531771675     
   29.890513326439553        14.659186466531580     
   29.936640661819862        15.056982591040128     
   29.982767997200170        14.989703391159532     
   30.028895332580479        14.466636503238096     
   30.075022667960788        13.556073998474458     
   30.121150003341096        12.367162074362819     
   30.167277338721405        11.024096837902436     
   30.213404674101714        9.6422469916990643     
   30.259532009482022        8.3126223123101664     
   30.305659344862331        7.0961524523037784     
   30.351786680242640        6.0255668344561117     
   30.397914015622948        5.1113706366214071     
   30.444041351003257        4.3488985469926433     
   30.490168686383566        3.7246036945345193     
   30.536296021763874        3.2208262378036565     
   30.582423357144183        2.8189878733351703     
   30.628550692524492        2.5014897026805674     
   30.674678027904800        2.2526774633921902     
   30.720805363285109        2.0592020964473430     
   30.766932698665418        1.9100256369304360     
   30.813060034045726        1.7962439805657273     
   30.859187369426035        1.7108351557487500     
   30.905314704806344        1.6483970230435927     
   30.951442040186652        1.6049091270286779     
   30.997569375566961        1.5775356897217765     
   31.043696710947270        1.5644767781406053     
   31.089824046327578        1.5648696842841205     
   31.135951381707887        1.5787405480156975     
   31.182078717088196        1.6070058947850725     
   31.228206052468504        1.6515241213109741     
   31.274333387848813        1.7151973067565893     
   31.320460723229122        1.8021233125137861     
   31.366588058609430        1.9177960133027816     
   31.412715393989739        2.0693463061264792     
   31.458842729370048        2.2658062443402796     
   31.504970064750356        2.5183603521967144     
   31.551097400130665        2.8405181188425144     
   31.597224735510974        3.2480957228737912     
   31.643352070891282        3.7588305110015297     
   31.689479406271591        4.3913716559075038     
   31.735606741651900        5.1633116817861460     
   31.781734077032208        6.0878899070410801     
   31.827861412412517        7.1690949905202057     
   31.873988747792826        8.3952469831956265     
   31.920116083173134        9.7318781618043779     
   31.966243418553443        11.115861052751134     
   32.012370753933752        12.453918675648296     
   32.058498089314057        13.629058155398475     
   32.104625424694362        14.516965921754371     
   32.150752760074667        15.010479972310440     
   32.196880095454972        15.045243846392163     
   32.243007430835277        14.616816925665953     
   32.289134766215582        13.781822809070649     
   32.335262101595887        12.642655000075084     
   32.381389436976193        11.322484522783437     
   32.427516772356498        9.9402572414570898     
   32.473644107736803        8.5930646912589985     
   32.519771443117108        7.3483970634895011     
   32.565898778497413        6.2446663676660590     
   32.612026113877718        5.2965873195614446     
   32.658153449258023        4.5021975976207482     
   32.704280784638328        3.8494090056917805     
   32.750408120018633        3.3211276135288283     
   32.796535455398939        2.8987721232702741     
   32.842662790779244        2.5644218049693990     
   32.888790126159549        2.3019533585009535     
   32.934917461539854        2.0975081532572881     
   32.981044796920159        1.9395576984919960     
   33.027172132300464        1.8187548337436925     
   33.073299467680769        1.7276913088705776     
   33.119426803061074        1.6606338972017411     
   33.165554138441379        1.6132789649198178     
   33.211681473821685        1.5825455406863391     
   33.257808809201990        1.5664155589141933     
   33.303936144582295        1.5638240752688584     
   33.350063479962600        1.5745997307005397     
   33.396190815342905        1.5994551156463384     
   33.442318150723210        1.6400269615670071     
   33.488445486103515        1.6989665039292217     
   33.534572821483820        1.7800801986233401     
   33.580700156864125        1.8885193533868168     
   33.626827492244431        2.0310129071313043     
   33.672954827624736        2.2161286999472649     
   33.719082163005041        2.4545324484671500     
   33.765209498385346        2.7591866897570312     
   33.811336833765651        3.1453900389900187     
   33.857464169145956        3.6304969322213099     
   33.903591504526261        4.2330807136066007     
   33.949718839906566        4.9712211831007256     
   33.995846175286871        5.8595477143966956     
   34.041973510667177        6.9047249832127990     
   34.088100846047482        8.0993490748888490     
   34.134228181427787        9.4148630805526885     
   34.180355516808092        10.795153264151214     
   34.226482852188397        12.153715857619014     
   34.272610187568702        13.377971639965352     
   34.318737522949007        14.343335459921308     
   34.364864858329312        14.936251960966450     
   34.410992193709617        15.080410810301958     
   34.457119529089923        14.756686086809006     
   34.503246864470228        14.008337562425224     
   34.549374199850533        12.929156075660520     
   34.595501535230838        11.639873114726484     
   34.641628870611143        10.262346164656659     
   34.687756205991448        8.8998033027065251     
   34.733883541371753        7.6268251941197338     
   34.780010876752058        6.4882238081779287     
   34.826138212132363        5.5036120777362276     
   34.872265547512669        4.6742779910419143     
   34.918392882892974        3.9899687802397779     
   34.964520218273279        3.4343814629324072     
   35.010647553653584        2.9890423627511700     
   35.056774889033889        2.6357430801027109     
   35.102902224414194        2.3578798186703995     
   35.149029559794499        2.1410492606697282     
   35.195156895174804        1.9731878002498759     
   35.241284230555110        1.8444595163188588     
   35.287411565935415        1.7470274726422876     
   35.333538901315720        1.6747901822785836     
   35.379666236696025        1.6231293896512038     
   35.425793572076330        1.5886929387612956     
   35.471920907456635        1.5692234487770358     
   35.518048242836940        1.5634365859711981     
   35.564175578217245        1.5709495704079597     
   35.610302913597550        1.5922595929372840     
   35.656430248977856        1.6287719606613866     
   35.702557584358161        1.6828782432846583     
   35.748684919738466        1.7580847500106445     
   35.794812255118771        1.8591905080237470     
   35.840939590499076        1.9925104034643821     
   35.887066925879381        2.1661316036985103     
   35.933194261259686        2.3901773505026656     
   35.979321596639991        2.6770283296165118     
   36.025448932020296        3.0414140019650548     
   36.071576267400602        3.5002307975137095     
   36.117703602780907        4.0718704418517619     
   36.163830938161212        4.7747588095185067     
   36.209958273541517        5.6247425668588882     
   36.256085608921822        6.6309809944974987     
   36.302212944302127        7.7902121624533676     
   36.348340279682432        9.0798036499593149     
   36.394467615062737        10.450954703318235     
   36.440594950443042        11.824648009606809     
   36.486722285823348        13.093866752120700     
   36.532849621203653        14.135139738348174     
   36.578976956583958        14.829690040092585     
   36.625104291964263        15.089661518345567     
   36.671231627344568        14.880549517110069     
   36.717358962724873        14.230588160804338     
   36.763486298105178        13.222909531921546     
   36.809613633485483        11.974049744155174     
   36.855740968865788        10.607779101042073     
   36.901868304246094        9.2332924618271477     
   36.947995639626399        7.9327014264388849     
   36.994122975006704        6.7579518636902645     
   37.040250310387009        5.7343177658610873     
   37.086377645767314        4.8669748742330627     
   37.132504981147619        4.1479635089565896     
   37.178632316527924        3.5620581175895794     
   37.224759651908229        3.0910444585932630     
   37.270886987288534        2.7164851632674791     
   37.317014322668840        2.4212970604850739     
   37.363141658049145        2.1905018633091879     
   37.409268993429450        2.0114565440840075     
   37.455396328809755        1.8737886320786368     
   37.501523664190060        1.7691870240787633     
   37.547650999570365        1.6911415464056034     
   37.593778334950670        1.6346848823928364     
   37.639905670330975        1.5961651737828453     
   37.686033005711280        1.5730625706526886     
   37.732160341091586        1.5638548022480976     
   37.778287676471891        1.5679329238368191     
   37.824415011852196        1.5855670055006170     
   37.870542347232501        1.6179214808082021     
   37.916669682612806        1.6671203224900026     
   37.962797017993111        1.7363624499715895     
   38.008924353373416        1.8300870317462095     
   38.055051688753721        1.9541855949166820     
   38.101179024134026        2.1162515824330241     
   38.147306359514332        2.3258459758402328     
   38.193433694894637        2.5947367024100503     
   38.239561030274942        2.9370358226253508     
   38.285688365655247        3.3691079400501076     
   38.331815701035552        3.9090541115638313     
   38.377943036415857        4.5754933368984494     
   38.424070371796162        5.3852908319018677     
   38.470197707176467        6.3498716894911746     
   38.516325042556772        7.4699066153999949     
   38.562452377937078        8.7285974405083202     
   38.608579713317383        10.084637156538419     
   38.654707048697688        11.467113552286872     
   38.700834384077993        12.775713888207800     
   38.746961719458298        13.889613329336346     
   38.793089054838603        14.686305982094144     
   38.839216390218908        15.067218498701564     
   38.885343725599213        14.982132758321580     
   38.931471060979518        14.442729042987512     
   38.977598396359824        13.519275667096865     
   39.023725731740129        12.322009445022509     
   39.069853067120434        10.975226371940021     
   39.115980402500739        9.5936243730496056     
   39.162107737881044        8.2671415747242651     
   39.208235073261349        7.0555783277634383     
   39.254362408641654        5.9906995628563147     
   39.300489744021959        5.0823033189435831     
   39.346617079402264        4.3252742515108364     
   39.392744414782570        3.7058250422929033     
   39.438871750162875        3.2062043719005446     
   39.484999085543180        2.8078365747787193     
   39.531126420923485        2.4931775325780459     
   39.577253756303790        2.2466512263203477     
   39.623381091684095        2.0549924860899171     
   39.669508427064400        1.9072428642364110     
   39.715635762444705        1.7945684954621666     
   39.761763097825011        1.7100065516808067     
   39.807890433205316        1.6482028303058902     
   39.854017768585621        1.6051743168381445     
   39.900145103965926        1.5781131775100297     
   39.946272439346231        1.5652389100934276     
   39.992399774726536        1.5657005283733016     
   40.038527110106841        1.5795287321185045     
   40.084654445487146        1.6076377054270257     
   40.130781780867451        1.6518765798308348     
   40.176909116247757        1.7151309718298295     
   40.223036451628062        1.8014746283797090     
   40.269163787008367        1.9163691553735136     
   40.315291122388672        2.0669047112627483     
   40.361418457768977        2.2620644154571337     
   40.407545793149282        2.5129771843316839     
   40.453673128529587        2.8330940137562273     
   40.499800463909892        3.2381772399587661     
   40.545927799290197        3.7459282572016597     
   40.592055134670503        4.3749993141844357     
   40.638182470050808        5.1430557562173895     
   40.684309805431113        6.0635192499579222     
   40.730437140811418        7.1407135986939441     
   40.776564476191723        8.3634792116578414     
   40.822691811572028        9.6980499781632634     
   40.868819146952333        11.082107781780623     
   40.914946482332638        12.423124426448206     
   40.961073817712943        13.604543385190834     
   41.007201153093249        14.501914346928562     
   41.053328488473554        15.007226936493407     
   41.099455823853859        15.054668476068670     
   41.145583159234164        14.638092016799117     
   41.191710494614469        13.812637079688351     
   41.237837829994774        12.679807525998717     
   41.283965165375079        11.362602302584198     
   41.330092500755384        9.9803872789959645     
   41.376219836135689        8.6310072751138112     
   41.422347171515995        7.3827804121698701     
   41.468474506896300        6.2748434876544410     
   41.514601842276605        5.3224518860410637     
   41.560729177656910        4.5239921315135661     
   41.606856513037215        3.8675648928153108     
   41.652983848417520        3.3361495895434627     
   41.699111183797825        2.9111642694405733     
   41.745238519178130        2.5746457818477517     
   41.791365854558435        2.3104087972495888     
   41.837493189938741        2.1045267736160711     
   41.883620525319046        1.9454049997150693     
   41.929747860699351        1.8236352566033960     
   41.975875196079656        1.7317543188931932     
   42.022002531459961        1.6639794933806624     
   42.068129866840266        1.6159617743802341     
   42.114257202220571        1.5845770316804091     
   42.160384537600876        1.5677640871532343     
   42.206511872981181        1.5644125423426800     
   42.252639208361487        1.5743006282295151     
   42.298766543741792        1.5980826922335585     
   42.344893879122097        1.6373262148931840     
   42.391021214502402        1.6945987060947869     
   42.437148549882707        1.7736047639966062     
   42.483275885263012        1.8793721397211252     
   42.529403220643317        2.0184816349033499     
   42.575530556023622        2.1993272811547402     
   42.621657891403927        2.4323779168526989     
   42.667785226784233        2.7303854795564737     
   42.713912562164538        3.1084449409773214     
   42.760039897544843        3.5837523481611298     
   42.806167232925148        4.1748313748188037     
   42.852294568305453        4.8999163474417102     
   42.898421903685758        5.7741243050317141     
   42.944549239066063        6.8050904809975741     
   42.990676574446368        7.9869958472968552     
   43.036803909826673        9.2935192353631617     
   43.082931245206979        10.671265002271971     
   43.129058580587284        12.036452451704385     
   43.175185915967589        13.278434256843639     
   43.221313251347894        14.272839027474870     
   43.267440586728199        14.903956789930588     
   43.313567922108504        15.091037739168520     
   43.359695257488809        14.809226004061218     
   43.405822592869114        14.096331046181815     
   43.451949928249419        13.042413144692595     
   43.498077263629725        11.766885606155633     
   43.544204599010030        10.392494816067465     
   43.590331934390335        9.0247707955670133     
   43.636459269770640        7.7410941889469447     
   43.682586605150945        6.5888772219372127     
   43.728713940531250        5.5897654954452243     
   43.774841275911555        4.7464227102689458     
   43.820968611291860        4.0493923096058175     
   43.867095946672165        3.4827316408401368     
   43.913223282052471        3.0280374938674663     
   43.959350617432776        2.6670011002002969     
   44.005477952813081        2.3828323704767547     
   44.051605288193386        2.1609103672918910     
   44.097732623573691        1.9889542169769006     
   44.143859958953996        1.8569271158004657     
   44.189987294334301        1.7568137862447191     
   44.236114629714606        1.6823572813276391     
   44.282241965094912        1.6288039165253168     
   44.328369300475217        1.5926816708354248     
   44.374496635855522        1.5716236387797538     
   44.420623971235827        1.5642407291164298     
   44.466751306616132        1.5700443834747320     
   44.512878641996437        1.5894189787398798     
   44.559005977376742        1.6236436656431892     
   44.605133312757047        1.6749638788350005     
   44.651260648137352        1.7467129351473980     
   44.697387983517658        1.8434832365361602     
   44.743515318897963        1.9713435455705743     
   44.789642654278268        2.1380920273337534     
   44.835769989658573        2.3535219325654442     
   44.881897325038878        2.6296547071068757     
   44.928024660419183        2.9808599412635033     
   44.974151995799488        3.4237290025614011     
   45.020279331179793        3.9764981265005015     
   45.066406666560098        4.6577340168414985     
   45.112534001940404        5.4839255733496204     
   45.158661337320709        6.4656263837267964     
   45.204788672701014        7.6019654898946367     
   45.250916008081319        8.8738249032778924     
   45.297043343461624        10.236875109063726     
   45.343170678841929        11.616874075394293     
   45.389298014222234        12.910663383732798     
   45.435425349602539        13.996135069418024     
   45.481552684982844        14.752047471564204     
   45.527680020363150        15.083972427874075     
   45.573807355743455        14.947998014023064     
   45.619934691123760        14.362624340021480     
   45.666062026504065        13.403576695491946     
   45.712189361884370        12.183927051277861     
   45.758316697264675        10.827986098522404     
   45.804444032644980        9.4483454668610847     
   45.850571368025285        8.1317930065665429     
   45.896698703405590        6.9348974373666143     
   45.942826038785896        5.8867130585204901     
   45.988953374166201        4.9950821595041033     
   46.035080709546506        4.2536676404623908     
   46.081208044926811        3.6480488357850449     
   46.127335380307116        3.1602537087364175     
   46.173462715687421        2.7717430732274382     
   46.219590051067726        2.4651493605632586     
   46.265717386448031        2.2251342250788131     
   46.311844721828336        2.0386830186806302     
   46.357972057208642        1.8950741905777808     
   46.404099392588947        1.7856848683168678     
   46.450226727969252        1.7037335986972724     
   46.496354063349557        1.6440189924166124     
   46.542481398729862        1.6026857337651126     
   46.588608734110167        1.5770330185066710     
   46.634736069490472        1.5653713982010262     
   46.680863404870777        1.5669295525888811     
   46.726990740251082        1.5818108178398740     
   46.773118075631388        1.6109991103567145     
   46.819245411011693        1.6564143263915332     
   46.865372746391998        1.7210176610107617     
   46.911500081772303        1.8089668474973042     
   46.957627417152608        1.9258191228302453     
   47.003754752532913        2.0787743945408668     
   47.049882087913218        2.2769405688020834     
   47.096009423293523        2.5315843793816732     
   47.142136758673828        2.8563005333194802     
   47.188264094054134        3.2669854383184216     
   47.234391429434439        3.7814366027508779     
   47.280518764814744        4.4183182975549302     
   47.326646100195049        5.1951558104515172     
   47.372773435575354        6.1249894741162914     
   47.418900770955659        7.2114218287984402     
   47.465028106335964        8.4421552511956701     
   47.511155441716269        9.7818704264987772     
   47.557282777096574        11.166435689352880     
   47.603410112476880        12.501615953012148     
   47.649537447857185        13.669812952480692     
   47.695664783237490        14.546787752633668     
   47.741792118617795        15.026321770935393     
   47.787919453998100        15.045768962750603     
   47.834046789378405        14.602749661151233     
   47.880174124758710        13.755728484606497     
   47.926301460139015        12.608254989197750     
   47.972428795519320        11.283799032017431     
   48.018556130899626        9.9008781438981988     
   48.064683466279931        8.5557282893228237     
   48.110810801660236        7.3148666401776019     
   48.156938137040541        6.2158340033189816     
   48.203065472420846        5.2726810150828811     
   48.249192807801151        4.4830049516524344     
   48.295320143181456        3.8344678230219786     
   48.341447478561761        3.3098660282087446     
   48.387574813942066        2.8906000098569571     
   48.433702149322372        2.5587834504939266     
   48.479829484702677        2.2983528426981739     
   48.525956820082982        2.0955172360389471     
   48.572084155463287        1.9388134550891409     
   48.618211490843592        1.8189518773126654     
   48.664338826223897        1.7285715669613921     
   48.710466161604202        1.6619755886494727     
   48.756593496984507        1.6148855541945701     
   48.802720832364813        1.5842349001678497     
   48.848848167745118        1.5680092365887002     
   48.894975503125423        1.5651363657246165     
   48.941102838505728        1.5754261286223674     
   48.987230173886033        1.5995596644765564     
   49.033357509266338        1.6391279873498528     
   49.079484844646643        1.6967202578116589     
   49.125612180026948        1.7760620575897939     
   49.171739515407253        1.8822025167163661     
   49.217866850787559        2.0217450903712155     
   49.263994186167864        2.2031083446700159     
   49.310121521548169        2.4367876844136016     
   49.356248856928474        2.7355630237089645     
   49.402376192308779        3.1145568274716871     
   49.448503527689084        3.5909882766148788     
   49.494630863069389        4.1833930723330193     
   49.540758198449694        4.9099959708745669     
   49.586885533829999        5.7858682480624566     
   49.633012869210305        6.8185455984532366     
   49.679140204590610        8.0020391355259886     
   49.725267539970915        9.3097803514045072     
   49.771394875351220        10.688063582983222     
   49.817522210731525        12.052785009817862     
   49.863649546111830        13.293048846363765     
   49.909776881492135        14.284417506782626     
   49.955904216872440        14.911379981172022     
   50.002031552252745        15.093654973347300     
   50.048158887633051        14.807024420221611     
   50.094286223013356        14.089931237955211     
   50.140413558393661        13.032895278794548     
   50.186540893773966        11.755523909316075     
   50.232668229154271        10.380502307593476     
   50.278795564534576        9.0131262664579221     
   50.324922899914881        7.7304714525336662     
   50.371050235295186        6.5796562987223250     
   50.417177570675491        5.5820898556964185     
   50.463304906055797        4.7402705661983999     
   50.509432241436102        4.0446418020816388     
   50.555559576816407        3.4792111684914304     
   50.601686912196712        3.0255599935036304     
   50.647814247577017        2.6653847877226133     
   50.693941582957322        2.3819115381424818     
   50.740068918337627        2.1605395707530759     
   50.786196253717932        1.9890084298436128     
   50.832323589098237        1.8572996319573498     
   50.878450924478543        1.7574129920541754     
   50.924578259858848        1.6831029390902879     
   50.970705595239153        1.6296232744284203     
   51.016832930619458        1.5935055035882126     
   51.062960265999763        1.5723821900339698     
   51.109087601380068        1.5648594430377596     
   51.155214936760373        1.5704392592437775     
   51.201342272140678        1.5894913474828778     
   51.247469607520983        1.6232741710763587     
   51.293596942901289        1.6740054453216060     
   51.339724278281594        1.7449825440124764     
   51.385851613661899        1.8407524305406149     
   51.431978949042204        1.9673277882726372     
   51.478106284422509        2.1324394305448435     
   51.524233619802814        2.3458025364701376     
   51.570360955183119        2.6193525944667231     
   51.616488290563424        2.9673721497047265     
   51.662615625943729        3.4063775884626892     
   51.708742961324035        3.9545647676502718     
   51.754870296704340        4.6305296823311082     
   51.800997632084645        5.4509095541675290     
   51.847124967464950        6.4265863649372754     
   51.893252302845255        7.5572586117129230     
   51.939379638225560        8.8246536156884297     
   51.985506973605865        10.185529488960412     
   52.031634308986170        11.566824280065566     
   52.077761644366475        12.866361742034011     
   52.123888979746781        13.962431636533653     
   52.170016315127086        14.733263970815965     
   52.216143650507391        15.082878874485409     
   52.262270985887696        14.965071842283692     
   52.308398321268001        14.395913439433453     
   52.354525656648306        13.449229190144271     
   52.400652992028611        12.237150765168160     
   52.446780327408916        10.884054321354391     
   52.492907662789221        9.5033353524469106     
   52.539034998169527        8.1829335106642542     
   52.585162333549832        6.9805769530213722     
   52.631289668930137        5.9262794957422642     
   52.677417004310442        5.0285668953394431     
   52.723544339690747        4.2815221624845270     
   52.769671675071052        3.6709362201371976     
   52.815799010451357        3.1789039157226235     
   52.861926345831662        2.7868637257818021     
   52.908053681211968        2.4773778198695178     
   52.954181016592273        2.2350171635263276     
   53.000308351972578        2.0466725370761845     
   53.046435687352883        1.9015327493220071     
   53.092563022733188        1.7908940154441038     
   53.138690358113493        1.7079034573622307     
   53.184817693493798        1.6472967842689277     
   53.230945028874103        1.6051624195146086     
   53.277072364254408        1.5787475880943822     
   53.323199699634714        1.5663125636916213     
   53.369327035015019        1.5670346759047968     
   53.415454370395324        1.5809619044787011     
   53.461581705775629        1.6090156643265148     
   53.507709041155934        1.6530428297793178     
   53.553836376536239        1.7159174577446064     
   53.599963711916544        1.8016923359528647     
   53.646091047296849        1.9157984888852833     
   53.692218382677154        2.0652857883117246     
   53.738345718057460        2.2590878564772932     
   53.784473053437765        2.5082766795998825     
   53.830600388818070        2.8262430347913696     
   53.876727724198375        3.2286938291260281     
   53.922855059578680        3.7332938931449293     
   53.968982394958985        4.3587001675424855     
   54.015109730339290        5.1226564217504400     
   54.061237065719595        6.0387785101218903     
   54.107364401099900        7.1117459156169884     
   54.153491736480206        8.3309505597584597     
   54.199619071860511        9.6633697206831979     
   54.245746407240816        11.047543201366123     
   54.291873742621121        12.391737540385401     
   54.338001078001426        13.579860998320651     
   54.384128413381731        14.487320768240982     
   54.430255748762036        15.005207406529291     
   54.476383084142341        15.066160038396418     
   54.522510419522646        14.662213058454970     
   54.568637754902952        13.846920330640952     
   54.614765090283257        12.720832365858939     
   54.660892425663562        11.406761515121969     
   54.707019761043867        10.024521717967463     
   54.753147096424172        8.6727641994323132     
   54.799274431804477        7.4206944246856557     
   54.845401767184782        6.3082262411791010     
   54.891529102565087        5.3511944474315989     
   54.937656437945392        4.5483588770539107     
   54.983783773325698        3.8880215842777872     
   55.029911108706003        3.3532392708684498     
   55.076038444086308        2.9254278094290891     
   55.122165779466613        2.5865770621880948     
   55.168293114846918        2.3204336704405280     
   55.214420450227223        2.1129966942667480     
   55.260547785607528        1.9525986885029532     
   55.306675120987833        1.8297639660525900     
   55.352802456368138        1.7369679379985672     
   55.398929791748444        1.6683718561606418     
   55.445057127128749        1.6195742341122847     
   55.491184462509054        1.5873997505570507     
   55.537311797889359        1.5697346730271531     
   55.583439133269664        1.5654117162232530     
   55.629566468649969        1.5741445828110348     
   55.675693804030274        1.5965117447930899     
   55.721821139410579        1.6339893065537625     
   55.767948474790884        1.6890333015724042     
   55.814075810171190        1.7652118319302890     
   55.860203145551495        1.8673862543285129     
   55.906330480931800        2.0019370092420465     
   55.952457816312105        2.1770219852432073     
   55.998585151692410        2.4028410283180754     
   56.044712487072715        2.6918559494254044     
   56.090839822453020        3.0588770551892930     
   56.136967157833325        3.5208711320696953     
   56.183094493213630        4.0962716305665001     
   56.229221828593936        4.8034888340349093     
   56.275349163974241        5.6582558619231005     
   56.321476499354546        6.6694702524224851     
   56.367603834734851        7.8334104207525215     
   56.413731170115156        9.1267593667595328     
   56.459858505495461        10.499837575705826     
   56.505985840875766        11.872681775755542     
   56.552113176256071        13.137501558688570     
   56.598240511636376        14.170534687162510     
   56.644367847016682        14.853457361710955     
   56.690495182396987        15.099665779736005     
   56.736622517777292        14.876460214639216     
   56.782749853157597        14.213948255886944     
   56.828877188537902        13.196694774241580     
   56.875004523918207        11.941919658837785     
   56.921131859298512        10.573315807638609     
   56.967259194678817        9.1994558977091518     
   57.013386530059122        7.9015813029511648     
   57.059513865439428        6.7307705529483854     
   57.105641200819733        5.7115825802429656     
   57.151768536200038        4.8486830574232584     
   57.197895871580343        4.1337960417996324     
   57.244023206960648        3.5515326212524982     
   57.290150542340953        3.0836212163859322     
   57.336277877721258        2.7116324877935130     
   57.382405213101563        2.4185262664638483     
   57.428532548481869        2.1893817465263150     
   57.474659883862174        2.0116151869845025     
   57.520787219242479        1.8749080177453112     
   57.566914554622784        1.7709939594543922     
   57.613041890003089        1.6933969265767066     
   57.659169225383394        1.6371723210018208     
   57.705296560763699        1.5986793683557987     
   57.751423896144004        1.5753973554431793     
   57.797551231524309        1.5657905783405985     
   57.843678566904615        1.5692229872650767     
   57.889805902284920        1.5859221844782849     
   57.935933237665225        1.6169924308067225     
   57.982060573045530        1.6644768236462928     
   58.028187908425835        1.7314691434465763     
   58.074315243806140        1.8222752959183901     
   58.120442579186445        1.9426218279705849     
   58.166569914566750        2.0999032295156179     
   58.212697249947055        2.3034485191272518     
   58.258824585327361        2.5647679320523409     
   58.304951920707666        2.8977085087710743     
   58.351079256087971        3.3183989346759377     
   58.397206591468276        3.8447968581393939     
   58.443333926848581        4.4955704198789972     
   58.489461262228886        5.2879695965396465     
   58.535588597609191        6.2343207912036487     
   58.581715932989496        7.3369009639022593     
   58.627843268369801        8.5813470964920935     
   58.673970603750107        9.9295545947898471     
   58.720097939130412        11.314186988162572     
   58.766225274510717        12.638062588839565     
   58.812352609891022        13.781896221831149     
   58.858479945271327        14.622039584192017     
   58.904607280651632        15.055655653865278     
   58.950734616031937        15.025820851489890     
   58.996861951412242        14.536790215227336     
   59.042989286792547        13.652738172996862     
   59.089116622172853        12.480589183108878     
   59.135243957553158        11.144421003894463     
   59.181371292933463        9.7611061593349628     
   59.227498628313768        8.4239855972820319     
   59.273625963694073        7.1964153712636962     
   59.319753299074378        6.1131768485423912     
   59.365880634454683        5.1862626059871255     
   59.412007969834988        4.4119380391667917     
   59.458135305215293        3.7771373775126347     
   59.504262640595599        3.2643651144324122     
   59.550389975975904        2.8550090686995708     
   59.596517311356209        2.5313278431009678     
   59.642644646736514        2.2774763254821222     
   59.688771982116819        2.0799027905300713     
   59.734899317497124        1.9273743488175883     
   59.781026652877429        1.8108081214426663     
   59.827153988257734        1.7230210676856874     
   59.873281323638039        1.6584652516194138     
   59.919408659018345        1.6129850216278769     
