 0.00       38.97       25.91       21.22       19.16       18.50       18.76
 0.10       23.42       19.76       17.93       17.51       18.01       19.15
 0.20        2.32       15.01       15.83       16.89       18.42       20.26
 0.30        0.02       12.29       15.02       17.32       19.68       21.92
 0.40        0.01       11.29       15.47       18.78       21.63       23.80
 0.50        0.01       11.73       17.20       21.14       23.89       25.38
 0.60        0.01       13.75       20.19       23.98       25.86       26.20
 0.70        0.02       17.73       24.01       26.55       26.92       25.96
 0.80        0.05       23.53       27.63       27.99       26.69       24.77
 0.90       13.81       29.53       29.77       27.78       25.27       22.99
 1.00       32.63       33.27       29.58       26.00       23.12       21.15
 1.10       43.48       33.16       27.15       23.28       20.91       19.69
 1.20       43.70       29.23       23.41       20.49       19.16       18.88
 1.30       33.22       23.18       19.67       18.33       18.18       18.83
 1.40       14.62       17.45       16.86       17.11       18.08       19.55
 1.50        0.06       13.59       15.32       16.95       18.86       20.93
 1.60        0.02       11.67       15.06       17.83       20.45       22.74
 1.70        0.01       11.30       16.06       19.71       22.60       24.55
 1.80        0.01       12.39       18.35       22.35       24.82       25.85
 1.90        0.01       15.22       21.79       25.18       26.46       26.23
 2.00        0.02       20.08       25.68       27.36       26.98       25.55
 2.10        1.55       26.25       28.81       28.11       26.20       24.04
 2.20       22.68       31.56       29.99       27.17       24.39       22.17
 2.30       38.53       33.74       28.76       24.88       22.13       20.45
 2.40       44.95       31.86       25.61       22.03       20.07       19.25
 2.50       40.37       26.72       21.72       19.45       18.63       18.77
 2.60       25.92       20.53       18.30       17.68       18.02       19.05
 2.70        5.18       15.52       16.03       16.91       18.31       20.07
 2.80        0.03       12.54       15.06       17.20       19.46       21.68
 2.90        0.01       11.33       15.34       18.53       21.34       23.55
 3.00        0.01       11.59       16.90       20.78       23.59       25.21
 3.10        0.01       13.38       19.73       23.60       25.64       26.15
 3.20        0.01       17.08       23.48       26.26       26.85       26.06
 3.30        0.04       22.70       27.21       27.89       26.80       24.97
 3.40       10.94       28.81       29.61       27.91       25.51       23.24
 3.50       30.50       32.98       29.75       26.30       23.42       21.38
 3.60       42.62       33.41       27.57       23.66       21.18       19.85
 3.70       44.31       29.92       23.94       20.84       19.35       18.95
 3.80       35.16       24.01       20.12       18.56       18.26       18.80
 3.90       17.41       18.12       17.16       17.22       18.04       19.41
 4.00        0.10       13.98       15.45       16.91       18.71       20.71
 4.10        0.02       11.83       15.03       17.65       20.20       22.49
 4.20        0.01       11.27       15.86       19.40       22.30       24.33
 4.30        0.01       12.16       17.98       21.97       24.54       25.73
 4.40        0.01       14.73       21.28       24.82       26.30       26.24
 4.50        0.02       19.33       25.18       27.14       26.99       25.69
 4.60        0.23       25.43       28.48       28.11       26.37       24.27
 4.70       20.06       30.99       29.97       27.39       24.67       22.42
 4.80       36.90       33.68       29.06       25.24       22.43       20.66
 4.90       44.72       32.33       26.10       22.41       20.31       19.38
 5.00       41.60       27.52       22.23       19.75       18.78       18.79
 5.10       28.30       21.32       18.70       17.86       18.05       18.97
 5.20        8.11       16.07       16.26       16.95       18.22       19.90
 5.30        0.03       12.83       15.11       17.10       19.26       21.44
 5.40        0.01       11.41       15.23       18.29       21.06       23.31
 5.50        0.01       11.47       16.62       20.44       23.29       25.02
 5.60        0.01       13.04       19.28       23.22       25.40       26.08
 5.70        0.01       16.47       22.96       25.95       26.75       26.13
 5.80        0.03       21.88       26.76       27.76       26.88       25.16
 5.90        8.04       28.06       29.41       28.00       25.74       23.49
 6.00       28.25       32.62       29.87       26.59       23.73       21.62
 6.10       41.57       33.60       27.97       24.04       21.47       20.03
 6.20       44.73       30.57       24.46       21.19       19.56       19.03
 6.30       36.94       24.85       20.60       18.82       18.36       18.77
 6.40       20.12       18.82       17.48       17.34       18.02       19.29
 6.50        0.24       14.41       15.61       16.89       18.57       20.51
 6.60        0.02       12.01       15.01       17.49       19.96       22.24
 6.70        0.01       11.26       15.67       19.12       22.00       24.10
 6.80        0.01       11.95       17.62       21.60       24.26       25.59
 6.90        0.01       14.27       20.79       24.46       26.12       26.23
 7.00        0.02       18.60       24.66       26.89       26.97       25.82
 7.10        0.09       24.59       28.12       28.08       26.53       24.49
 7.20       17.35       30.38       29.91       27.58       24.94       22.67
 7.30       35.11       33.55       29.31       25.58       22.74       20.87
 7.40       44.30       32.74       26.58       22.79       20.57       19.51
 7.50       42.64       28.30       22.75       20.07       18.94       18.82
 7.60       30.55       22.13       19.11       18.05       18.10       18.90
 7.70       11.01       16.66       16.51       17.01       18.15       19.74
 7.80        0.04       13.14       15.19       17.02       19.08       21.21
 7.90        0.01       11.50       15.14       18.08       20.79       23.06
 8.00        0.01       11.38       16.36       20.11       22.99       24.82
 8.10        0.01       12.73       18.86       22.83       25.15       25.99
 8.20        0.01       15.89       22.44       25.62       26.64       26.18
 8.30        0.03       21.07       26.30       27.60       26.94       25.34
 8.40        5.12       27.28       29.16       28.07       25.95       23.73
 8.50       25.86       32.19       29.95       26.86       24.02       21.86
 8.60       40.34       33.70       28.34       24.42       21.76       20.21
 8.70       44.95       31.17       24.97       21.56       19.77       19.12
 8.80       38.56       25.68       21.08       19.09       18.47       18.76
 8.90       22.74       19.56       17.83       17.47       18.01       19.17
 9.00        1.61       14.88       15.78       16.89       18.45       20.31
 9.10        0.02       12.23       15.02       17.35       19.73       21.99
 9.20        0.01       11.28       15.51       18.85       21.71       23.86
 9.30        0.01       11.77       17.29       21.23       23.97       25.43
 9.40        0.01       13.86       20.31       24.08       25.92       26.21
 9.50        0.02       17.91       24.15       26.62       26.93       25.94
 9.60        0.06       23.75       27.74       28.01       26.66       24.71
 9.70       14.56       29.71       29.80       27.74       25.20       22.92
 9.80       33.17       33.34       29.53       25.91       23.04       21.09
 9.90       43.68       33.08       27.03       23.17       20.83       19.65
10.00       43.50       29.04       23.27       20.40       19.11       18.87
10.10       32.68       22.96       19.55       18.27       18.16       18.85
10.20       13.87       17.28       16.78       17.09       18.09       19.58
10.30        0.05       13.49       15.29       16.96       18.91       20.99
10.40        0.02       11.63       15.08       17.88       20.52       22.80
10.50        0.01       11.32       16.12       19.79       22.68       24.61
10.60        0.01       12.46       18.46       22.45       24.89       25.89
10.70        0.01       15.36       21.92       25.28       26.50       26.22
10.80        0.02       20.29       25.81       27.41       26.98       25.50
10.90        2.26       26.47       28.89       28.11       26.15       23.97
11.00       23.37       31.70       29.99       27.11       24.31       22.10
11.10       38.93       33.74       28.68       24.78       22.05       20.40
11.20       44.98       31.72       25.48       21.93       20.00       19.22
11.30       40.01       26.51       21.58       19.37       18.59       18.76
11.40       25.26       20.32       18.20       17.63       18.02       19.08
11.50        4.41       15.38       15.98       16.90       18.34       20.12
11.60        0.03       12.47       15.05       17.23       19.52       21.75
11.70        0.01       11.32       15.37       18.59       21.42       23.62
11.80        0.01       11.62       16.98       20.88       23.67       25.26
11.90        0.01       13.47       19.85       23.70       25.70       26.16
12.00        0.01       17.25       23.62       26.34       26.87       26.03
12.10        0.04       22.92       27.32       27.92       26.77       24.92
12.20       11.71       29.01       29.65       27.88       25.45       23.17
12.30       31.08       33.07       29.71       26.22       23.34       21.32
12.40       42.87       33.35       27.46       23.56       21.11       19.81
12.50       44.17       29.74       23.80       20.74       19.30       18.93
12.60       34.65       23.79       20.00       18.50       18.24       18.80
12.70       16.67       17.94       17.08       17.19       18.05       19.44
12.80        0.08       13.87       15.42       16.92       18.75       20.77
12.90        0.02       11.78       15.03       17.69       20.27       22.55
13.00        0.01       11.28       15.91       19.48       22.38       24.39
13.10        0.01       12.22       18.07       22.07       24.62       25.76
13.20        0.01       14.86       21.42       24.92       26.34       26.24
13.30        0.02       19.52       25.31       27.20       26.99       25.65
13.40        0.35       25.65       28.57       28.11       26.33       24.21
13.50       20.77       31.15       29.98       27.33       24.59       22.35
13.60       37.35       33.70       28.98       25.14       22.35       20.60
13.70       44.80       32.21       25.97       22.31       20.25       19.34
13.80       41.29       27.31       22.09       19.67       18.74       18.78
13.90       27.67       21.11       18.59       17.81       18.04       18.99
14.00        7.33       15.92       16.20       16.94       18.24       19.94
14.10        0.03       12.75       15.10       17.13       19.32       21.51
14.20        0.01       11.38       15.26       18.35       21.13       23.37
14.30        0.01       11.50       16.69       20.53       23.37       25.07
14.40        0.01       13.13       19.40       23.32       25.47       26.10
14.50        0.01       16.63       23.10       26.03       26.78       26.11
14.60        0.03       22.10       26.88       27.80       26.86       25.11
14.70        8.82       28.26       29.46       27.98       25.68       23.42
14.80       28.86       32.72       29.84       26.52       23.65       21.55
14.90       41.87       33.55       27.87       23.94       21.39       19.98
15.00       44.64       30.40       24.32       21.10       19.50       19.01
15.10       36.48       24.63       20.47       18.75       18.33       18.78
15.20       19.40       18.63       17.40       17.30       18.02       19.32
15.30        0.17       14.29       15.56       16.89       18.61       20.56
15.40        0.02       11.96       15.01       17.53       20.03       22.30
15.50        0.01       11.26       15.72       19.19       22.08       24.16
15.60        0.01       12.00       17.71       21.70       24.34       25.63
15.70        0.01       14.39       20.92       24.56       26.17       26.24
15.80        0.02       18.79       24.80       26.96       26.98       25.79
15.90        0.11       24.82       28.22       28.09       26.49       24.43
16.00       18.08       30.55       29.93       27.53       24.87       22.60
16.10       35.61       33.59       29.25       25.49       22.66       20.81
16.20       44.43       32.63       26.45       22.69       20.50       19.47
16.30       42.38       28.09       22.61       19.99       18.89       18.81
16.40       29.96       21.91       19.00       18.00       18.09       18.92
16.50       10.24       16.50       16.44       17.00       18.17       19.78
16.60        0.04       13.05       15.17       17.04       19.13       21.27
16.70        0.01       11.48       15.16       18.13       20.86       23.12
16.80        0.01       11.40       16.42       20.19       23.07       24.88
16.90        0.01       12.81       18.97       22.94       25.22       26.02
17.00        0.01       16.04       22.58       25.71       26.67       26.17
17.10        0.03       21.28       26.42       27.64       26.93       25.29
17.20        5.90       27.49       29.23       28.06       25.90       23.67
17.30       26.51       32.31       29.93       26.79       23.94       21.79
17.40       40.69       33.68       28.25       24.32       21.68       20.16
17.50       44.91       31.02       24.84       21.46       19.72       19.09
17.60       38.15       25.46       20.95       19.01       18.44       18.76
17.70       22.05       19.36       17.74       17.44       18.01       19.20
17.80        0.99       14.75       15.73       16.89       18.48       20.36
17.90        0.02       12.17       15.01       17.39       19.79       22.06
18.00        0.01       11.27       15.55       18.92       21.78       23.93
18.10        0.01       11.82       17.37       21.33       24.05       25.47
18.20        0.01       13.96       20.44       24.18       25.97       26.22
18.30        0.02       18.09       24.28       26.70       26.94       25.91
18.40        0.06       23.98       27.84       28.03       26.63       24.65
18.50       15.31       29.89       29.83       27.70       25.13       22.86
18.60       33.71       33.40       29.48       25.82       22.96       21.03
18.70       43.86       32.99       26.91       23.07       20.76       19.61
18.80       43.29       28.84       23.13       20.31       19.06       18.86
18.90       32.12       22.74       19.43       18.21       18.14       18.86
19.00       13.11       17.11       16.71       17.07       18.10       19.62
19.10        0.05       13.39       15.26       16.97       18.95       21.05
19.20        0.02       11.59       15.09       17.93       20.59       22.87
19.30        0.01       11.33       16.18       19.87       22.76       24.67
19.40        0.01       12.53       18.56       22.55       24.96       25.92
19.50        0.01       15.50       22.06       25.37       26.54       26.21
19.60        0.02       20.49       25.94       27.46       26.97       25.46
19.70        3.00       26.69       28.96       28.10       26.10       23.91
19.80       24.04       31.83       29.98       27.05       24.23       22.04
19.90       39.33       33.74       28.59       24.69       21.97       20.35
20.00       44.99       31.58       25.35       21.83       19.94       19.20
20.10       39.64       26.29       21.45       19.29       18.56       18.76
20.20       24.60       20.11       18.10       17.59       18.02       19.10
20.30        3.64       15.24       15.92       16.90       18.36       20.17
20.40        0.02       12.40       15.04       17.26       19.58       21.81
20.50        0.01       11.30       15.41       18.66       21.49       23.68
20.60        0.01       11.66       17.06       20.97       23.75       25.30
20.70        0.01       13.57       19.97       23.80       25.76       26.18
20.80        0.02       17.42       23.76       26.42       26.89       26.01
20.90        0.05       23.14       27.44       27.95       26.74       24.86
21.00       12.48       29.20       29.70       27.84       25.38       23.11
21.10       31.66       33.15       29.66       26.14       23.26       21.26
21.20       43.11       33.29       27.35       23.46       21.03       19.77
21.30       44.01       29.56       23.66       20.65       19.25       18.91
21.40       34.14       23.57       19.88       18.44       18.21       18.81
21.50       15.93       17.76       17.00       17.16       18.06       19.48
21.60        0.07       13.77       15.38       16.93       18.79       20.83
21.70        0.02       11.74       15.04       17.74       20.34       22.62
21.80        0.01       11.28       15.96       19.56       22.46       24.45
21.90        0.01       12.28       18.17       22.17       24.69       25.80
22.00        0.01       14.99       21.55       25.02       26.39       26.24
22.10        0.02       19.72       25.45       27.26       26.99       25.62
22.20        0.61       25.87       28.66       28.11       26.28       24.15
22.30       21.47       31.30       29.99       27.28       24.52       22.29
22.40       37.79       33.72       28.91       25.05       22.27       20.55
22.50       44.87       32.08       25.84       22.21       20.18       19.31
22.60       40.97       27.10       21.96       19.59       18.70       18.77
22.70       27.04       20.89       18.48       17.76       18.04       19.01
22.80        6.55       15.77       16.14       16.93       18.27       19.99
22.90        0.03       12.67       15.08       17.15       19.37       21.57
23.00        0.01       11.36       15.29       18.41       21.21       23.44
23.10        0.01       11.53       16.76       20.62       23.45       25.12
23.20        0.01       13.22       19.52       23.42       25.53       26.12
23.30        0.01       16.79       23.24       26.11       26.81       26.09
23.40        0.04       22.31       27.00       27.83       26.84       25.06
23.50        9.59       28.46       29.52       27.96       25.62       23.36
23.60       29.47       32.82       29.81       26.44       23.57       21.49
23.70       42.16       33.51       27.76       23.84       21.32       19.93
23.80       44.53       30.23       24.18       21.00       19.45       18.98
23.90       36.01       24.41       20.34       18.68       18.30       18.78
24.00       18.68       18.44       17.31       17.27       18.03       19.35
24.10        0.13       14.18       15.52       16.90       18.64       20.62
24.20        0.02       11.91       15.02       17.57       20.09       22.37
24.30        0.01       11.26       15.77       19.27       22.16       24.22
24.40        0.01       12.06       17.81       21.80       24.41       25.66
24.50        0.01       14.51       21.05       24.65       26.22       26.24
24.60        0.02       18.98       24.94       27.02       26.98       25.76
24.70        0.14       25.04       28.32       28.10       26.45       24.38
24.80       18.80       30.71       29.95       27.48       24.80       22.54
24.90       36.09       33.63       29.18       25.40       22.58       20.76
25.00       44.55       32.53       26.33       22.59       20.43       19.44
25.10       42.11       27.89       22.47       19.90       18.85       18.80
25.20       29.37       21.70       18.89       17.94       18.07       18.94
25.30        9.46       16.34       16.37       16.98       18.19       19.82
25.40        0.03       12.97       15.15       17.06       19.18       21.33
25.50        0.01       11.45       15.19       18.19       20.93       23.19
25.60        0.01       11.43       16.49       20.28       23.15       24.93
25.70        0.01       12.89       19.08       23.04       25.29       26.04
25.80        0.01       16.20       22.72       25.79       26.70       26.16
25.90        0.03       21.50       26.55       27.69       26.91       25.25
26.00        6.68       27.70       29.30       28.04       25.84       23.60
26.10       27.15       32.42       29.91       26.72       23.86       21.73
26.20       41.02       33.66       28.15       24.22       21.60       20.11
26.30       44.86       30.86       24.70       21.36       19.66       19.07
26.40       37.72       25.24       20.82       18.94       18.41       18.76
26.50       21.35       19.16       17.64       17.40       18.01       19.23
26.60        0.55       14.62       15.68       16.89       18.51       20.41
26.70        0.02       12.11       15.01       17.42       19.86       22.12
26.80        0.01       11.26       15.59       18.99       21.86       23.99
26.90        0.01       11.86       17.46       21.43       24.13       25.51
27.00        0.01       14.08       20.57       24.28       26.03       26.22
27.10        0.02       18.27       24.42       26.77       26.96       25.88
27.20        0.07       24.20       27.95       28.05       26.59       24.60
27.30       16.05       30.07       29.86       27.66       25.06       22.79
27.40       34.23       33.46       29.42       25.74       22.88       20.97
27.50       44.03       32.90       26.79       22.97       20.69       19.57
27.60       43.07       28.65       22.99       20.22       19.02       18.84
27.70       31.56       22.52       19.31       18.15       18.13       18.87
27.80       12.35       16.94       16.63       17.05       18.12       19.66
27.90        0.05       13.30       15.24       16.99       19.00       21.11
28.00        0.02       11.56       15.11       17.98       20.66       22.94
28.10        0.01       11.35       16.24       19.96       22.85       24.72
28.20        0.01       12.60       18.67       22.65       25.03       25.94
28.30        0.01       15.64       22.20       25.46       26.58       26.20
28.40        0.02       20.70       26.07       27.51       26.96       25.42
28.50        3.76       26.90       29.04       28.09       26.05       23.85
28.60       24.71       31.97       29.97       26.98       24.16       21.97
28.70       39.71       33.73       28.50       24.59       21.90       20.30
28.80       44.99       31.44       25.21       21.73       19.88       19.17
28.90       39.26       26.07       21.32       19.22       18.52       18.76
29.00       23.93       19.91       18.00       17.55       18.01       19.13
29.10        2.87       15.11       15.87       16.89       18.39       20.22
29.20        0.02       12.34       15.03       17.29       19.63       21.88
29.30        0.01       11.29       15.44       18.72       21.57       23.75
29.40        0.01       11.70       17.14       21.07       23.83       25.35
29.50        0.01       13.67       20.09       23.91       25.82       26.19
29.60        0.02       17.60       23.90       26.49       26.90       25.98
29.70        0.05       23.36       27.55       27.97       26.72       24.81
29.80       13.24       29.39       29.74       27.81       25.32       23.04
29.90       32.22       33.22       29.62       26.06       23.18       21.20
30.00       43.33       33.21       27.24       23.35       20.96       19.73
30.10       43.83       29.37       23.52       20.56       19.20       18.90
30.20       33.62       23.35       19.76       18.37       18.19       18.82
30.30       15.18       17.58       16.92       17.13       18.07       19.52
30.40        0.06       13.67       15.35       16.94       18.83       20.88
30.50        0.02       11.70       15.05       17.79       20.40       22.69
30.60        0.01       11.29       16.02       19.64       22.54       24.51
30.70        0.01       12.34       18.28       22.27       24.77       25.83
30.80        0.01       15.12       21.69       25.11       26.43       26.23
30.90        0.02       19.93       25.58       27.31       26.99       25.58
31.00        1.08       26.09       28.74       28.11       26.24       24.08
31.10       22.17       31.45       29.99       27.22       24.44       22.22
31.20       38.22       33.73       28.83       24.95       22.19       20.49
31.30       44.92       31.96       25.71       22.10       20.12       19.28
31.40       40.63       26.88       21.82       19.51       18.66       18.77
31.50       26.40       20.68       18.38       17.71       18.03       19.03
31.60        5.77       15.63       16.08       16.92       18.29       20.04
31.70        0.03       12.60       15.07       17.18       19.42       21.63
31.80        0.01       11.35       15.32       18.48       21.28       23.50
31.90        0.01       11.56       16.84       20.71       23.53       25.17
32.00        0.01       13.31       19.64       23.52       25.59       26.13
32.10        0.01       16.96       23.38       26.20       26.83       26.07
32.20        0.04       22.53       27.12       27.86       26.82       25.01
32.30       10.37       28.66       29.57       27.93       25.56       23.29
32.40       30.06       32.91       29.78       26.36       23.49       21.43
32.50       42.43       33.45       27.66       23.74       21.24       19.89
32.60       44.41       30.06       24.04       20.91       19.39       18.96
32.70       35.52       24.18       20.22       18.61       18.28       18.79
32.80       17.96       18.26       17.22       17.24       18.03       19.38
32.90        0.11       14.07       15.48       16.90       18.68       20.67
33.00        0.02       11.86       15.02       17.62       20.15       22.44
33.10        0.01       11.27       15.82       19.35       22.24       24.28
33.20        0.01       12.11       17.90       21.90       24.49       25.70
33.30        0.01       14.63       21.18       24.75       26.26       26.24
33.40        0.02       19.18       25.08       27.09       26.99       25.72
33.50        0.18       25.26       28.41       28.11       26.41       24.31
33.60       19.52       30.87       29.96       27.43       24.72       22.47
33.70       36.56       33.66       29.11       25.31       22.49       20.70
33.80       44.65       32.42       26.20       22.48       20.36       19.40
33.90       41.82       27.68       22.33       19.82       18.81       18.79
34.00       28.76       21.48       18.78       17.89       18.06       18.95
34.10        8.69       16.18       16.31       16.96       18.21       19.87
34.20        0.03       12.89       15.13       17.08       19.23       21.40
34.30        0.01       11.42       15.21       18.25       21.00       23.26
34.40        0.01       11.45       16.56       20.37       23.23       24.98
34.50        0.01       12.98       19.20       23.14       25.36       26.06
34.60        0.01       16.35       22.85       25.88       26.73       26.14
34.70        0.03       21.71       26.67       27.73       26.89       25.20
34.80        7.46       27.90       29.36       28.02       25.78       23.54
34.90       27.78       32.54       29.89       26.65       23.78       21.67
35.00       41.34       33.62       28.05       24.12       21.53       20.06
35.10       44.79       30.70       24.56       21.27       19.60       19.05
35.20       37.28       25.02       20.69       18.87       18.38       18.77
35.30       20.65       18.97       17.55       17.36       18.01       19.26
35.40        0.32       14.50       15.64       16.89       18.54       20.47
35.50        0.02       12.05       15.01       17.46       19.92       22.19
35.60        0.01       11.26       15.64       19.06       21.94       24.05
35.70        0.01       11.91       17.55       21.52       24.20       25.56
35.80        0.01       14.19       20.69       24.38       26.08       26.23
35.90        0.02       18.46       24.56       26.84       26.97       25.85
36.00        0.08       24.42       28.05       28.07       26.56       24.54
36.10       16.80       30.25       29.89       27.61       24.99       22.72
36.20       34.74       33.51       29.36       25.65       22.80       20.91
36.30       44.19       32.81       26.67       22.87       20.62       19.54
36.40       42.83       28.45       22.85       20.14       18.97       18.83
36.50       30.99       22.30       19.20       18.09       18.11       18.89
36.60       11.58       16.78       16.56       17.03       18.14       19.70
36.70        0.04       13.21       15.21       17.01       19.04       21.17
36.80        0.01       11.53       15.13       18.03       20.73       23.01
36.90        0.01       11.37       16.31       20.04       22.93       24.78
37.00        0.01       12.68       18.78       22.76       25.10       25.97
37.10        0.01       15.78       22.33       25.55       26.61       26.19
37.20        0.03       20.91       26.20       27.56       26.95       25.37
37.30        4.54       27.12       29.11       28.08       26.00       23.78
37.40       25.37       32.10       29.96       26.91       24.08       21.91
37.50       40.07       33.72       28.41       24.49       21.82       20.25
37.60       44.97       31.29       25.08       21.63       19.82       19.14
37.70       38.87       25.85       21.18       19.14       18.49       18.76
37.80       23.25       19.71       17.90       17.50       18.01       19.15
37.90        2.13       14.97       15.82       16.89       18.42       20.27
38.00        0.02       12.27       15.02       17.32       19.69       21.94
38.10        0.01       11.28       15.48       18.79       21.65       23.81
38.20        0.01       11.74       17.22       21.16       23.91       25.40
38.30        0.01       13.78       20.22       24.01       25.88       26.20
38.40        0.02       17.78       24.04       26.57       26.92       25.96
38.50        0.05       23.59       27.66       28.00       26.68       24.75
38.60       14.00       29.57       29.78       27.77       25.25       22.97
38.70       32.77       33.29       29.57       25.97       23.10       21.14
38.80       43.53       33.14       27.12       23.25       20.89       19.68
38.90       43.65       29.18       23.38       20.47       19.15       18.88
39.00       33.08       23.12       19.64       18.31       18.17       18.84
39.10       14.43       17.41       16.84       17.11       18.08       19.56
39.20        0.06       13.57       15.32       16.95       18.87       20.94
39.30        0.02       11.66       15.07       17.84       20.47       22.75
39.40        0.01       11.31       16.08       19.73       22.62       24.57
39.50        0.01       12.41       18.38       22.37       24.84       25.86
39.60        0.01       15.25       21.82       25.21       26.47       26.23
39.70        0.02       20.13       25.71       27.37       26.98       25.54
39.80        1.72       26.31       28.83       28.11       26.19       24.02
39.90       22.85       31.59       29.99       27.16       24.37       22.15
40.00       38.63       33.74       28.74       24.86       22.11       20.44
40.10       44.96       31.82       25.58       22.00       20.05       19.25
40.20       40.28       26.67       21.69       19.43       18.62       18.77
40.30       25.75       20.48       18.28       17.66       18.02       19.06
40.40        4.99       15.48       16.02       16.91       18.32       20.09
40.50        0.03       12.52       15.05       17.21       19.48       21.70
40.60        0.01       11.33       15.35       18.54       21.36       23.57
40.70        0.01       11.60       16.92       20.81       23.61       25.22
40.80        0.01       13.40       19.76       23.63       25.66       26.15
40.90        0.01       17.12       23.52       26.28       26.85       26.05
41.00        0.04       22.75       27.24       27.90       26.79       24.96
41.10       11.14       28.86       29.62       27.90       25.49       23.22
41.20       30.65       33.00       29.74       26.28       23.40       21.37
41.30       42.69       33.40       27.55       23.63       21.16       19.84
41.40       44.28       29.88       23.90       20.81       19.34       18.94
41.50       35.03       23.96       20.09       18.55       18.25       18.80
41.60       17.22       18.08       17.14       17.21       18.04       19.42
41.70        0.09       13.96       15.44       16.91       18.72       20.73
41.80        0.02       11.81       15.03       17.66       20.22       22.50
41.90        0.01       11.27       15.87       19.42       22.32       24.35
42.00        0.01       12.17       18.00       22.00       24.56       25.74
42.10        0.01       14.76       21.32       24.85       26.31       26.24
42.20        0.02       19.38       25.21       27.15       26.99       25.68
42.30        0.25       25.48       28.50       28.11       26.36       24.25
42.40       20.24       31.03       29.97       27.37       24.65       22.40
42.50       37.02       33.68       29.04       25.21       22.41       20.64
42.60       44.74       32.30       26.07       22.38       20.30       19.37
42.70       41.52       27.47       22.20       19.73       18.77       18.79
42.80       28.14       21.27       18.67       17.84       18.05       18.97
42.90        7.91       16.03       16.24       16.95       18.23       19.91
43.00        0.03       12.81       15.11       17.11       19.28       21.46
43.10        0.01       11.40       15.24       18.31       21.08       23.32
43.20        0.01       11.48       16.63       20.46       23.31       25.03
43.30        0.01       13.06       19.31       23.24       25.42       26.08
43.40        0.01       16.51       22.99       25.97       26.76       26.13
43.50        0.03       21.93       26.79       27.77       26.88       25.15
43.60        8.24       28.11       29.42       28.00       25.73       23.47
43.70       28.40       32.64       29.86       26.58       23.71       21.60
43.80       41.65       33.59       27.95       24.02       21.45       20.01
43.90       44.71       30.53       24.42       21.17       19.54       19.02
44.00       36.83       24.80       20.56       18.80       18.35       18.77
44.10       19.94       18.78       17.46       17.33       18.02       19.29
44.20        0.22       14.38       15.59       16.89       18.58       20.52
44.30        0.02       12.00       15.01       17.50       19.98       22.25
44.40        0.01       11.26       15.68       19.14       22.02       24.11
44.50        0.01       11.96       17.64       21.62       24.28       25.60
44.60        0.01       14.30       20.82       24.48       26.13       26.23
44.70        0.02       18.65       24.70       26.91       26.97       25.81
44.80        0.10       24.65       28.15       28.08       26.52       24.48
44.90       17.53       30.42       29.91       27.57       24.92       22.65
45.00       35.24       33.56       29.30       25.56       22.72       20.86
45.10       44.33       32.71       26.55       22.76       20.55       19.50
45.20       42.58       28.24       22.72       20.05       18.92       18.82
45.30       30.41       22.08       19.08       18.04       18.10       18.90
45.40       10.82       16.62       16.49       17.01       18.15       19.75
45.50        0.04       13.12       15.19       17.03       19.09       21.23
45.60        0.01       11.50       15.15       18.09       20.80       23.07
45.70        0.01       11.39       16.37       20.13       23.01       24.83
45.80        0.01       12.75       18.89       22.86       25.17       26.00
45.90        0.01       15.93       22.47       25.64       26.65       26.18
46.00        0.03       21.12       26.33       27.61       26.94       25.33
46.10        5.31       27.33       29.18       28.07       25.94       23.72
46.20       26.03       32.22       29.95       26.85       24.00       21.84
46.30       40.43       33.70       28.32       24.39       21.74       20.20
46.40       44.94       31.14       24.94       21.53       19.76       19.11
46.50       38.46       25.63       21.05       19.07       18.46       18.76
46.60       22.57       19.51       17.81       17.46       18.01       19.18
46.70        1.44       14.84       15.77       16.89       18.45       20.32
46.80        0.02       12.21       15.02       17.36       19.75       22.01
46.90        0.01       11.27       15.52       18.86       21.73       23.88
47.00        0.01       11.78       17.31       21.26       23.99       25.44
47.10        0.01       13.88       20.34       24.11       25.93       26.21
47.20        0.02       17.95       24.18       26.64       26.94       25.93
47.30        0.06       23.81       27.76       28.02       26.65       24.70
47.40       14.75       29.76       29.81       27.73       25.18       22.91
47.50       33.31       33.36       29.52       25.89       23.02       21.08
47.60       43.73       33.06       27.00       23.15       20.82       19.64
47.70       43.45       28.99       23.24       20.38       19.10       18.87
47.80       32.54       22.90       19.52       18.25       18.16       18.85
47.90       13.68       17.24       16.76       17.09       18.09       19.59
48.00        0.05       13.47       15.29       16.96       18.92       21.00
48.10        0.02       11.62       15.08       17.89       20.54       22.82
48.20        0.01       11.32       16.14       19.81       22.70       24.62
48.30        0.01       12.48       18.48       22.48       24.91       25.89
48.40        0.01       15.39       21.96       25.30       26.51       26.22
48.50        0.02       20.34       25.84       27.42       26.98       25.49
48.60        2.44       26.52       28.91       28.11       26.14       23.96
48.70       23.54       31.73       29.99       27.09       24.29       22.09
48.80       39.03       33.74       28.66       24.76       22.03       20.39
48.90       44.98       31.69       25.45       21.90       19.99       19.22
49.00       39.92       26.45       21.55       19.35       18.58       18.76
49.10       25.10       20.27       18.17       17.62       18.02       19.08
49.20        4.21       15.34       15.96       16.90       18.34       20.13
49.30        0.03       12.45       15.04       17.24       19.53       21.76
49.40        0.01       11.31       15.38       18.61       21.44       23.64
49.50        0.01       11.63       17.00       20.90       23.69       25.27
49.60        0.01       13.50       19.88       23.73       25.72       26.17
49.70        0.01       17.29       23.66       26.36       26.87       26.03
49.80        0.04       22.98       27.35       27.93       26.76       24.90
49.90       11.90       29.05       29.66       27.87       25.43       23.16
50.00       31.23       33.09       29.70       26.20       23.32       21.30
50.10       42.93       33.34       27.44       23.53       21.09       19.80
50.20       44.13       29.70       23.76       20.72       19.29       18.93
50.30       34.53       23.74       19.97       18.48       18.23       18.81
50.40       16.49       17.89       17.06       17.18       18.05       19.45
50.50        0.08       13.85       15.41       16.92       18.76       20.78
50.60        0.02       11.77       15.04       17.71       20.29       22.57
50.70        0.01       11.28       15.92       19.50       22.40       24.41
50.80        0.01       12.23       18.10       22.10       24.64       25.77
50.90        0.01       14.89       21.45       24.94       26.36       26.24
51.00        0.02       19.57       25.35       27.21       26.99       25.65
