  -7.0000000000000000        7.0090027034350686E-006   7.0091902605771136E-006   7.0071271320146214E-006   7.0073146891566664E-006
  -6.9649999999999999        1.4072125866179875E-005   1.4073630713306617E-005   1.4057082376040298E-005   1.4058586317543786E-005
  -6.9299999999999997        2.1243907764247295E-005   2.1249006981227424E-005   2.1192955557634585E-005   2.1198047509564265E-005
  -6.8949999999999996        2.8579725648294229E-005   2.8591879102169062E-005   2.8458361599276473E-005   2.8470484063131975E-005
  -6.8599999999999994        3.6136223336561654E-005   3.6160127359190061E-005   3.5897707092699095E-005   3.5921515885780340E-005
  -6.8249999999999993        4.3971748586432957E-005   4.4013408516613678E-005   4.3556461708889967E-005   4.3597883162051448E-005
  -6.7899999999999991        5.2146803621592711E-005   5.2213626057743187E-005   5.1481436104470560E-005   5.1547739547124365E-005
  -6.7549999999999990        6.0724512293312199E-005   6.0825418130668898E-005   5.9721068022845474E-005   5.9820954225688225E-005
  -6.7199999999999989        6.9771107482785252E-005   6.9916667048118414E-005   6.8325718338566087E-005   6.8469424730643855E-005
  -6.6849999999999987        7.9356442507678968E-005   7.9559034357148855E-005   7.7347978854089909E-005   7.7547402483675438E-005
  -6.6499999999999986        8.9554530481353469E-005   8.9828525695972723E-005   8.6842993729904794E-005   8.7111833099492997E-005
  -6.6149999999999984        1.0044411578897237E-004   1.0080608988993417E-004   9.6868796512264939E-005   9.7222713588106762E-005
  -6.5799999999999983        1.1210928209263517E-004   1.1257825700845810E-004   1.0748666481806085E-004   1.0794346869543529E-004
  -6.5449999999999982        1.2464010155962716E-004   1.2523782041180527E-004   1.1876149484419955E-004   1.1934134874253356E-004
  -6.5099999999999980        1.3813333032607506E-004   1.3888456816310015E-004   1.3076219798996124E-004   1.3148785145850620E-004
  -6.4749999999999979        1.5269315556517329E-004   1.5362606957008385E-004   1.4356212201586377E-004   1.4445917045258886E-004
  -6.4399999999999977        1.6843199992745738E-004   1.6957852305544402E-004   1.5723949931242918E-004   1.5833667313787763E-004
  -6.4049999999999976        1.8547138956342006E-004   1.8686767203780920E-004   1.7187792501782158E-004   1.7320741110380856E-004
  -6.3699999999999974        2.0394289242950603E-004   2.0562979604136838E-004   1.8756686790562181E-004   1.8916466613789191E-004
  -6.3349999999999973        2.2398913412096812E-004   2.2601278484480795E-004   2.0440221716413193E-004   2.0630853532066059E-004
  -6.2999999999999972        2.4576489907340165E-004   2.4817730413451242E-004   2.2248686840778328E-004   2.2474655886269782E-004
  -6.2649999999999970        2.6943832563360904E-004   2.7229806184790215E-004   2.4193135250078821E-004   2.4459439462049763E-004
  -6.2299999999999969        2.9519220422486022E-004   2.9856518518605333E-004   2.6285451103458957E-004   2.6597654352045663E-004
  -6.1949999999999967        3.2322538862719229E-004   3.2718571914660736E-004   2.8538422258551324E-004   2.8902713043932934E-004
  -6.1599999999999966        3.5375433126626129E-004   3.5838525838528530E-004   3.0965818418905516E-004   3.1389074543699099E-004
  -6.1249999999999964        3.8701475436115116E-004   3.9240972526461218E-004   3.3582475280431794E-004   3.4072335061552009E-004
  -6.0899999999999963        4.2326346982982663E-004   4.2952730809998636E-004   3.6404385190831021E-004   3.6969325828979275E-004
  -6.0549999999999962        4.6278036199866838E-004   4.7003057487505758E-004   3.9448794875735719E-004   4.0098218660154767E-004
  -6.0199999999999960        5.0587054841858730E-004   5.1423877908042689E-004   4.2734310828416446E-004   4.3478639919401947E-004
  -5.9849999999999959        5.5286673546425368E-004   5.6250037584281755E-004   4.6281013006675058E-004   4.7131793609077967E-004
  -5.9499999999999957        6.0413178689557577E-004   6.1519576816798660E-004   5.0110577531235778E-004   5.1080594349365248E-004
  -5.9149999999999956        6.6006152520328666E-004   6.7274030493276265E-004   5.4246409134864793E-004   5.5349811083405497E-004
  -5.8799999999999955        7.2108778735599217E-004   7.3558755424395152E-004   5.8713784170932165E-004   5.9966222408370303E-004
  -5.8449999999999953        7.8768175852810961E-004   8.0423287795001910E-004   6.3540005054538000E-004   6.4958784505852009E-004
  -5.8099999999999952        8.6035760953187827E-004   8.7921733546246830E-004   6.8754567079048145E-004   7.0358812723831342E-004
  -5.7749999999999950        9.3967646601854089E-004   9.6113194763629403E-004   7.4389338626346395E-004   7.6200177947925805E-004
  -5.7399999999999949        1.0262507400718734E-003   1.0506223542931781E-003   8.0478755870767393E-004   8.2519518992176584E-004
  -5.7049999999999947        1.1207488576111496E-003   1.1483939020694132E-003   8.7060033165021772E-004   8.9356472339867767E-004
  -5.6699999999999946        1.2239004180718256E-003   1.2552172026572368E-003   9.4173390391997201E-004   9.6753920673412787E-004
  -5.6349999999999945        1.3365018261641546E-003   1.3719342052098595E-003   1.0186229866969410E-003   1.0475826174986349E-003
  -5.5999999999999943        1.4594224391481659E-003   1.4994648307260256E-003   1.1017374590835734E-003   1.1341969930582687E-003
  -5.5649999999999942        1.5936112770358988E-003   1.6388142206511247E-003   1.1915852383977072E-003   1.2279255781330234E-003
  -5.5299999999999940        1.7401043474689220E-003   1.7910806567633434E-003   1.2887153826941862E-003   1.3293562305703214E-003
  -5.4949999999999939        1.9000326417542598E-003   1.9574642146929031E-003   1.3937214444357708E-003   1.4391251066531196E-003
  -5.4599999999999937        2.0746308637111612E-003   2.1392762191914170E-003   1.5072450957622605E-003   1.5579206490083733E-003
  -5.4249999999999936        2.2652469586242870E-003   2.3379495755719206E-003   1.6299800474589420E-003   1.6864879020714156E-003
  -5.3899999999999935        2.4733525157590204E-003   2.5550500586274750E-003   1.7626762855115158E-003   1.8256331821068146E-003
  -5.3549999999999933        2.7005541246188890E-003   2.7922886478612013E-003   1.9061446510652321E-003   1.9762291309990718E-003
  -5.3199999999999932        2.9486057724648611E-003   3.0515350060819502E-003   2.0612617916926737E-003   2.1392201854207654E-003
  -5.2849999999999930        3.2194223786276717E-003   3.3348322074016660E-003   2.2289755141299238E-003   2.3156284955761354E-003
  -5.2499999999999929        3.5150945698884171E-003   3.6444128304828965E-003   2.4103105710782452E-003   2.5065603305205698E-003
  -5.2149999999999928        3.8379048107461777E-003   3.9827165436042786E-003   2.6063749173023901E-003   2.7132130100881733E-003
  -5.1799999999999926        4.1903450128070339E-003   4.3524093198215978E-003   2.8183664731029536E-003   2.9368824067391181E-003
  -5.1449999999999925        4.5751357588958257E-003   4.7564044332932594E-003   3.0475804363156766E-003   3.1789710641858667E-003
  -5.1099999999999923        4.9952472898968101E-003   5.1978854018110577E-003   3.2954171873135502E-003   3.4409969834942144E-003
  -5.0749999999999922        5.4539224158661513E-003   5.6803310558384210E-003   3.5633908350776004E-003   3.7246031315048161E-003
  -5.0399999999999920        5.9547015277306523E-003   6.2075429310271095E-003   3.8531384562805605E-003   4.0315677309085982E-003
  -5.0049999999999919        6.5014499020051705E-003   6.7836751993887306E-003   4.1664300835170696E-003   4.3638153961624319E-003
  -4.9699999999999918        7.0983875085476756E-003   7.4132673741800796E-003   4.5051795033391687E-003   4.7234291846789539E-003
  -4.9349999999999916        7.7501215505587431E-003   8.1012800452747794E-003   4.8714559296431830E-003   5.1126636383981017E-003
  -4.8999999999999915        8.4616819869660857E-003   8.8531339255052775E-003   5.2674966232320788E-003   5.5339588969818502E-003
  -4.8649999999999913        9.2385603101721066E-003   9.6747525143514711E-003   5.6957205340767442E-003   5.9899559705045248E-003
  -4.8299999999999912        1.0086751877054968E-002   1.0572608713623931E-002   6.1587430489533608E-003   6.4835132666784959E-003
  -4.7949999999999910        1.1012802118288083E-002   1.1553775760657642E-002   6.6593919337775845E-003   7.0177244754016039E-003
  -4.7599999999999909        1.2023856980682573E-002   1.2625982878232510E-002   7.2007245671277982E-003   7.5959379217842189E-003
  -4.7249999999999908        1.3127717989583294E-002   1.3797676077226952E-002   7.7860465691901772E-003   8.2217775078597070E-003
  -4.6899999999999906        1.4332902353602153E-002   1.5078084588170693E-002   8.4189319387117153E-003   8.8991653729553217E-003
  -4.6549999999999905        1.5648708572414381E-002   1.6477293441697724E-002   9.1032448195609520E-003   9.6323464132582054E-003
  -4.6199999999999903        1.7085288050258756E-002   1.8006322765742103E-002   9.8431630282204748E-003   1.0425914812514541E-002
  -4.5849999999999902        1.8653723263480724E-002   1.9677214419529271E-002   1.0643203484024701E-002   1.1284842748114650E-002
  -4.5499999999999901        2.0366113080274070E-002   2.1503126641386899E-002   1.1508249695268983E-002   1.2214511450113652E-002
  -4.5149999999999899        2.2235665885077215E-002   2.3498437449559397E-002   1.2443581466514099E-002   1.3220744805091786E-002
  -4.4799999999999898        2.4276801219260541E-002   2.5678857603023551E-002   1.3454907005559975E-002   1.4309845712251638E-002
  -4.4449999999999896        2.6505260714231642E-002   2.8061554003274314E-002   1.4548397622735305E-002   1.5488635415868229E-002
  -4.4099999999999895        2.8938229163352033E-002   3.0665284498727675E-002   1.5730725230421280E-002   1.6764496056244776E-002
  -4.3749999999999893        3.1594466655607965E-002   3.3510545141366900E-002   1.7009102867178709E-002   1.8145416700781226E-002
  -4.3399999999999892        3.4494452777356799E-002   3.6619731041185169E-002   1.8391328488564632E-002   1.9640043137739933E-002
  -4.3049999999999891        3.7660543979272661E-002   4.0017312068551560E-002   1.9885832285798322E-002   2.1257731737906065E-002
  -4.2699999999999889        4.1117145304482752E-002   4.3730024768607677E-002   2.1501727813964672E-002   2.3008607713709040E-002
  -4.2349999999999888        4.4890897781512812E-002   4.7787081976010198E-002   2.3248867233528148E-002   2.4903628131623504E-002
  -4.1999999999999886        4.9010882902797120E-002   5.2220401753659836E-002   2.5137900992681664E-002   2.6954650061938614E-002
  -4.1649999999999885        5.3508845736965141E-002   5.7064857426460822E-002   2.7180342303586874E-002   2.9174504280416562E-002
  -4.1299999999999883        5.8419438361766218E-002   6.2358550641675933E-002   2.9388636792996272E-002   3.1577074969106105E-002
  -4.0949999999999882        6.3780485455277744E-002   6.8143109562201237E-002   3.1776237737210521E-002   3.4177385898794085E-002
  -4.0599999999999881        6.9633274046972851E-002   7.4464014489290881E-002   3.4357687322949484E-002   3.6991693613435378E-002
  -4.0249999999999879        7.6022869608390248E-002   8.1370953418217026E-002   3.7148704409641381E-002   4.0037588177574725E-002
  -3.9899999999999878        8.2998460856719858E-002   8.8918210255453392E-002   4.0166279305005888E-002   4.3334102091446731E-002
  -3.9549999999999876        9.0613735854845709E-002   9.7165088670726416E-002   4.3428776104772950E-002   4.6901828025303592E-002
  -3.9199999999999875        9.8927292219612994E-002  0.10617637482329871        4.6956043189093688E-002   5.0763046074772125E-002
  -3.8849999999999874       0.10800308449773988       0.11602284249086074        5.0769532512820029E-002   5.4941861292886321E-002
  -3.8499999999999872       0.11791091203740318       0.12678180444325379        5.4892428374515662E-002   5.9464352312088103E-002
  -3.8149999999999871       0.12872695097471179       0.13853771424389680        5.9349786399973084E-002   6.4358731931149563E-002
  -3.7799999999999869       0.14053433426976364       0.15138282303133332        6.4168683530310064E-002   6.9655520607858970E-002
  -3.7449999999999868       0.15342378406858048       0.16541789623397221        6.9378379862560915E-002   7.5387733868643766E-002
  -3.7099999999999866       0.16749430103684679       0.18075299560521441        7.5010493252214969E-002   8.1591084721286344E-002
  -3.6749999999999865       0.18285391571105736       0.19750833243621116        8.1099187652529020E-002   8.8304202236725512E-002
  -3.6399999999999864       0.19962050734450815       0.21581519831208551        8.7681376234782366E-002   9.5568867550819586E-002
  -3.6049999999999862       0.21792269619173185       0.23581698032728135        9.4796940407064018E-002  0.10343026862704990     
  -3.5699999999999861       0.23790081567774779       0.25767026826960643       0.10248896592677076       0.11193727521661830     
  -3.5349999999999859       0.25970797144018448       0.28154606192342230       0.11080399738381050       0.12114273555335819     
  -3.4999999999999858       0.28351119481530435       0.30763108733329486       0.11979231241756784       0.13110379642741840     
  -3.4649999999999856       0.30949269896559251       0.33612923161329356       0.12950821712097121       0.14188224839381927     
  -3.4299999999999855       0.33785124651922782       0.36726310668707046       0.14001036417941601       0.15354489798969098     
  -3.3949999999999854       0.36880363831274376       0.40127575320289177       0.15136209539068771       0.16616396895716951     
  -3.3599999999999852       0.40258633359971685       0.43843249678888463       0.16363181031414661       0.17981753459733835     
  -3.3249999999999851       0.43945721291243467       0.47902296979971087       0.17689336290292867       0.19458998351393833     
  -3.2899999999999849       0.47969749564200320       0.52336331275926773       0.19122648808130635       0.21057252114335417     
  -3.2549999999999848       0.52361382533673995       0.57179857082710506       0.20671726034000915       0.22786370960898883     
  -3.2199999999999847       0.57154053671001503       0.62470530181085859       0.22345858653441425       0.24657004858271148     
  -3.1849999999999845       0.62384211939744283       0.68249441351436135       0.24155073518306186       0.26680659998253309     
  -3.1499999999999844       0.68091589460926849       0.74561424955168187       0.26110190467565370       0.28869765948265252     
  -3.1149999999999842       0.74319492198581771       0.81455394417065885       0.28222883290899020       0.31237747795782611     
  -3.0799999999999841       0.81115115517975589       0.88984706811384973       0.30505745097428150       0.33799103612653830     
  -3.0449999999999839       0.88529886595503171       0.97207558909698188       0.32972358361761800       0.36569487579413379     
  -3.0099999999999838       0.96619835790348940        1.0618741720999341       0.35637369928433227       0.39565799122480222     
  -2.9749999999999837        1.0544599922289397        1.1599348463356844       0.38516571263420718       0.42806278428636041     
  -2.9399999999999835        1.1507485494252510        1.2670120674785148       0.41626984247404619       0.46310608710968976     
  -2.9049999999999834        1.2557879520671411        1.3839282054807656       0.44986952809236286       0.50100025608016230     
  -2.8699999999999832        1.3703663753237123        1.5115794900703832       0.48616240699238350       0.54197434102515674     
  -2.8349999999999831        1.4953417731751952        1.6509424477775372       0.52536135699776210       0.58627533347244476     
  -2.7999999999999829        1.6316478496378166        1.8030808660603255       0.56769560564287802       0.63416949782016485     
  -2.7649999999999828        1.7803005055494747        1.9691533217531851       0.61341190964759018       0.68594378917018906     
  -2.7299999999999827        1.9424047926026544        2.1504213126055887       0.66277580710474471       0.74190736142116742     
  -2.6949999999999825        2.1191624072856561        2.3482580320625650       0.71607294476588357       0.80239316898178581     
  -2.6599999999999824        2.3118797581547179        2.5641578286017950       0.77361048248304509       0.86775966513305391     
  -2.6249999999999822        2.5219766403435835        2.7997463918117860       0.83571857643685310       0.93839259962266108     
  -2.5899999999999821        2.7509955513472195        3.0567917078853561       0.90275194223566602        1.0147069174938450     
  -2.5549999999999820        3.0006116818027970        3.3372158272099437       0.97509149828734887        1.0971487604121470     
  -2.5199999999999818        3.2726436141283064        3.6431074861405173        1.0531460890015394        1.1861975708289367     
  -2.4849999999999817        3.5690647603442489        3.9767356237008884        1.1373542863504760        1.2823682981802151     
  -2.4499999999999815        3.8920155680539077        4.3405638317105151        1.2281862670717514        1.3862137049285703     
  -2.4149999999999814        4.2438165202277265        4.7372657734856638        1.3261457613045877        1.4983267685767570     
  -2.3799999999999812        4.6269819499375364        5.1697416015960469        1.4317720666766152        1.6193431737701838     
  -2.3449999999999811        5.0442346852997870        5.6411353989182675        1.5456421197611903        1.7499438862149674     
  -2.3099999999999810        5.4985215323665981        6.1548536591274026        1.6683726143626267        1.8908577973155885     
  -2.2749999999999808        5.9930295942701202        6.7145848124807310        1.8006221532111411        2.0428644251241210     
  -2.2399999999999807        6.5312034132653816        7.3243197899040648        1.9430934163098865        2.2067966533291714     
  -2.2049999999999805        7.1167629080789983        7.9883736025778989        2.0965353253187802        2.3835434855301445     
  -2.1699999999999804        7.7537220617672924        8.7114078949778371        2.2617451789265628        2.5740527868702316     
  -2.1349999999999802        8.4464082946906913        9.4984544061439795        2.4395707290941813        2.7793339791652922     
  -2.0999999999999801        9.1994824327571045        10.354939246282559        2.6309121622885270        3.0004606488891947     
  -2.0649999999999800        10.017959152275447        11.286707863040093        2.8367239433057696        3.2385730196824718     
  -2.0299999999999798        10.907227749060782        12.300050533295176        3.0580164719504226        3.4948802323655959     
  -1.9949999999999799        11.873073040290357        13.401728171411854        3.2958574946376764        3.7706623656910918     
  -1.9599999999999800        12.921696162457845        14.598998192896293        3.5513732038789483        4.0672721201994957     
  -1.9249999999999801        14.059734977046501        15.899640112594879        3.8257489485637155        4.3861360755063172     
  -1.8899999999999801        15.294283736698560        17.311980488285116        4.1202294669527841        4.7287554181146429     
  -1.8549999999999802        16.632911598205620        18.844916743106914        4.4361185423626557        5.0967060224229783     
  -1.8199999999999803        18.083679494175186        20.507939313215434        4.7747779686942309        5.4916377520201021     
  -1.7849999999999804        19.655154792462344        22.311151469899567        5.1376256993310152        5.9152728317167025     
  -1.7499999999999805        21.356423081295617        24.265286057994913        5.5261330386451739        6.3694031232077846     
  -1.7149999999999805        23.197096318623686        26.381718274795890        5.9418207206135678        6.8558861190181153     
  -1.6799999999999806        25.187316477043542        28.672473486275852        6.3862537041502323        7.3766394507772626     
  -1.6449999999999807        27.337753701639478        31.150228941171719        6.8610345000930977        7.9336336893370651     
  -1.6099999999999808        29.659597878591935        33.828308099898571        7.3677948308411576        8.5288831963528846     
  -1.5749999999999809        32.164542389579857        36.720666146594141        7.9081854110550953        9.1644347704278886     
  -1.5399999999999809        34.864758703655404        39.841865102023704        8.4838636273901571        9.8423538166728815     
  -1.5049999999999810        37.772860338196779        43.207036806850851        9.0964788878714558        10.564707757669554     
  -1.4699999999999811        40.901854608598029        46.831831904405874        9.7476554083757954        11.333546397668812     
  -1.4349999999999812        44.265080488607794        50.732352826506343        10.438972206068080        12.150878951968393     
  -1.3999999999999813        47.876130827110750        54.925068683655979        11.171940079065370        13.018647461596517     
  -1.3649999999999813        51.748757121544237        59.426709892367796        11.947975369766377        13.938696331718761     
  -1.3299999999999814        55.896755043474641        64.254140349566825        12.768370338054535        14.912737762838807     
  -1.2949999999999815        60.333828960061481        69.424205001027900        13.634260011956059        15.942312889313193     
  -1.2599999999999816        65.073433809581843        74.953550763372661        14.546585439379678        17.028748502491290     
  -1.2249999999999817        70.128592884455074        80.858418964614174        15.506053337338942        18.173109318486809     
  -1.1899999999999817        75.511690366717673        87.154407785067647        16.513092226489754        19.376145855631929     
  -1.1549999999999818        81.234237864343640        93.856203627621937        17.567805250555363        20.638238116214357     
  -1.1199999999999819        87.306614727356205        100.97728094248413        18.669920013443431        21.959335422794485     
  -1.0849999999999820        93.737782593935066        108.52957079357583        19.818735922079586        23.338892942110334     
  -1.0499999999999821        100.53497543939838        116.52309939566942        21.013069699735166        24.775805639080399     
  -1.0149999999999821        107.70336738125349        124.96559898202564        22.251199931224420        26.268340638054298     
 -0.97999999999998211        115.24572163135284        133.86209468350589        23.530811714564102        27.814069224783314     
 -0.94499999999998208        123.16202527307699        143.21447260409661        24.848942718471800        29.409799994966541     
 -0.90999999999998205        131.44911595840449        153.02103594459382        26.201932174281669        31.051514935551722     
 -0.87499999999998201        140.10030813515047        163.27605782130968        27.585374555042531        32.734310502351676     
 -0.83999999999998198        149.10502798260146        173.96934129864070        28.994079901924437        34.452346018197119     
 -0.80499999999998195        158.44846779259436        185.08579903315851        30.422042934481951        36.198801943150080     
 -0.76999999999998192        168.11127200497245        196.60506672317547        31.862423210662666        37.965850743041528     
 -0.73499999999998189        178.06926839800141        208.50116616332249        33.307538667062047        39.744643183572961     
 -0.69999999999998186        188.29325893910746        220.74223499382336        34.748874851476465        41.525312882168485     
 -0.66499999999998183        198.74888540315320        233.29034107189568        36.177112040392437        43.297001836644000     
 -0.62999999999998180        209.39658494479846        246.10139963548576        37.582172197615911        45.047909398425553     
 -0.59499999999998177        220.19165025303116        259.12521093820624        38.953287364248347        46.765366752220537     
 -0.55999999999998173        231.08440761845631        272.30563468441358        40.279090567453373        48.435938393507058     
 -0.52499999999998170        242.02052413125821        285.58091528801896        41.547729695916459        50.045551358060671     
 -0.48999999999998167        252.94145226059840        298.88416866262747        42.747004022448529        51.579652062506298     
 -0.45499999999998164        263.78501625344774        312.14403692391556        43.864522177890102        53.023389582197012     
 -0.41999999999998161        274.48614019919256        325.28551211486035        44.887879425301776        54.361823056312772     
 -0.38499999999998158        284.97771236693541        338.23092399313003        45.804851090112940        55.580149716791453     
 -0.34999999999998155        295.19157473281166        350.90108026905119        46.603598020783537        56.663948846331650     
 -0.31499999999998152        305.05962073516548        363.21654074891973        47.272879043275672        57.599435849409986     
 -0.27999999999998149        314.51497853877089        375.09899998317974        47.802264592810836        58.373719642693565     
 -0.24499999999998148        323.49325180349211        386.47274664854348        48.182345119126403        58.975055811441727     
 -0.20999999999998148        331.93378549804424        397.26616243257445        48.404927522361469        59.393087504932630     
 -0.17499999999998148        339.78092102037431        407.41321905021118        48.463212830640053        59.619065913144354     
 -0.13999999999998147        346.98520308142821        416.85492956694475        48.351948606480569        59.646042417407507     
 -0.10499999999998147        353.50450070235655        425.54070971188213        48.067550176639038        59.469025155001979     
  -6.9999999999981466E-002   359.30500638971364        433.42960650023861        47.608185705766012        59.085093770681674     
  -3.4999999999981463E-002   364.36208109346484        440.49135527629869        46.973821342069684        58.493467508167249     
   1.8540724511240114E-014   368.66091779631284        446.70723211349588        46.166224095081958        57.695523456670855     
   3.5000000000018544E-002   372.19700328409135        452.07067610051058        45.188921685571593        56.694763623998021     
   7.0000000000018547E-002   374.97636545145798        456.58766500333411        44.047120246979794        55.496731455014555     
  0.10500000000001855        377.01560196812295        460.27683762381923        42.747582362072421        54.108880340395601     
  0.14000000000001855        378.34169478344688        463.16936631369504        41.298469395237383        52.540398454475032     
  0.17500000000001856        378.99162328732143        465.30859297052837        39.709153346697434        50.801995821262331     
  0.21000000000001856        379.01179650907090        466.74945088909669        37.990004442345558        48.905660750531368     
  0.24500000000001856        378.45733112630188        467.55770259059904        36.152161335166078        46.864393651392021     
  0.28000000000001857        377.39120696983360        467.80902983242356        34.207291108119591        44.691926686649367     
  0.31500000000001860        375.88333496051024        467.58801617249753        32.167346235010186        42.402437774003552     
  0.35000000000001863        374.00957393150475        466.98706462500962        30.044325298915751        40.010267093443574     
  0.38500000000001866        371.85073262578851        466.10529313695002        27.850043630096604        37.529643571145051     
  0.42000000000001869        369.49159146658070        465.04744899930574        25.595919164049526        34.974427843771146     
  0.45500000000001872        367.01997571500152        463.92288014435360        23.292777801366153        32.357877039597881     
  0.49000000000001875        364.52590764637443        462.84459690273934        20.950681443038317        29.692435425168938     
  0.52500000000001878        362.10086071593207        461.92845257031121        18.578780744200913        26.989553637220251     
  0.56000000000001882        359.83713366966367        461.29246544140796        16.185193535587629        24.259537921164789     
  0.59500000000001885        357.82735748973380        461.05629915875386        13.776908854720249        21.511429589986722     
  0.63000000000001888        356.16414321098165        461.34091262494059        11.359715645576005        18.752913847648593     
  0.66500000000001891        354.93987421986526        462.26838557496416        8.9381544509915010        15.990256220901751     
  0.70000000000001894        354.24664280792405        463.96192141745018        6.5154898488711011        13.228264129972555     
  0.73500000000001897        354.17632759948458        466.54602524218183        4.0937009728365368        10.470270606003734     
  0.77000000000001900        354.82080605574566        470.14685202923908        1.6734872025603589        7.7181368242336141     
  0.80500000000001903        356.27229457601567        474.89271809162165      -0.74571400606840843        4.9722699509062673     
  0.84000000000001906        358.62380773572306        480.91476760504781       -3.1657001751019407        2.2316527769929322     
  0.87500000000001910        361.96972785610609        488.34778565840793       -5.5894706628484938      -0.50611829239534067     
  0.91000000000001913        366.40647631024564        497.33114950622604       -8.0211900662012905       -3.2447901341934311     
  0.94500000000001916        372.03327864292498        508.00991051820864       -10.466150673480241       -5.9894076727704748     
  0.98000000000001919        378.95301662425152        520.53600059472183       -12.930736208007390       -8.7462691968743353     
   1.0150000000000192        387.27316167948140        535.06955844849745       -15.422388821342718       -11.522884587132566     
   1.0500000000000191        397.10678565861286        551.78037304835516       -17.949581013736271       -14.327938485749492     
   1.0850000000000191        408.57364655853257        570.84944359872043       -20.521793889757618       -17.171260123197243     
   1.1200000000000190        421.80134852966393        592.47065762176203       -23.149502908103539       -20.063801221400077     
   1.1550000000000189        436.92657724279536        616.85259096434208       -25.844172062377428       -23.017623126938084     
   1.1900000000000188        454.09641342702304        644.22043583134621       -28.618257237904615       -26.045894096074065     
   1.2250000000000187        473.46972909484253        674.81806522541638       -31.485219330129336       -29.162897458457472     
   1.2600000000000187        495.21867263369677        708.91024443767765       -34.459547582980143       -32.384051228771909     
   1.2950000000000186        519.53025056157719        746.78500248205205       -37.556793509747450       -35.725939614483451     
   1.3300000000000185        546.60801532140738        788.75617860307432       -40.793615692608000       -39.206356781276057     
   1.3650000000000184        576.67387003427132        835.16616122659877       -44.187835717542349       -42.844363183096107     
   1.4000000000000183        609.97000265868485        886.38883898267125       -47.758505486330961       -46.660354737954300     
   1.4350000000000183        646.76096352874629        942.83278573258553       -51.525986153812873       -50.676145130591330     
   1.4700000000000182        687.33590178706402        1004.9447039032882       -55.512038963954218       -54.915061545693504     
   1.5050000000000181        732.01097780922237        1073.2131528996954       -59.739928299993153       -59.402054177617302     
   1.5400000000000180        781.13197035656310        1148.1725919586800       -64.234537319751482       -64.163819921897456     
   1.5750000000000179        835.07709891515447        1230.4077695583010       -69.022496615180060       -69.228940727853086     
   1.6100000000000179        894.26008350329653        1320.5584944341779       -74.132326413703822       -74.628037178415653     
   1.6450000000000178        959.13346618034973        1419.3248264146237       -79.594592926643230       -80.393937961295478     
   1.6800000000000177        1030.1922205889239        1527.4727287011251       -85.442079545915263       -86.561866003555295     
   1.7150000000000176        1107.9776781337528        1645.8402269260484       -91.709973693653239       -93.169642158689072     
   1.7500000000000175        1193.0818018676180        1775.3441243514578       -98.436070239898129       -100.25790746084806     
   1.7850000000000175        1286.1518418418957        1916.9873269697559       -105.66099252091442       -107.87036509464120     
   1.8200000000000174        1387.8954086120089        2071.8668370685441       -113.42843211500289       -116.05404337095167     
   1.8550000000000173        1499.0860047927913        2241.1824790710943       -121.78540866414649       -124.85958114967934     
   1.8900000000000172        1620.5690580634423        2426.2464272053248       -130.78255116883585       -134.34153730967080     
   1.9250000000000171        1753.2685028560747        2628.4936108365891       -140.47440233053203       -144.55872603495533     
   1.9600000000000171        1898.1939621575241        2849.4930801749897       -150.91974767213060       -155.57457986555147     
   1.9950000000000170        2056.4485854451887        3090.9604225925618       -162.18197133231382       -167.45754265148690     
   2.0300000000000171        2229.2376038009334        3354.7713280204516       -174.32944060575142       -180.28149475136226     
   2.0650000000000173        2417.8776687423028        3642.9764109072744       -187.43592148878037       -194.12621303300378     
   2.1000000000000174        2623.8070473205967        3957.8174060791434       -201.58102769061097       -209.07786846482790     
   2.1350000000000176        2848.5967526076956        4301.7448666277824       -216.85070578451993       -225.22956433395217     
   2.1700000000000177        3093.9626958789822        4677.4375037511818       -233.33775940325887       -242.68191839241999     
   2.2050000000000178        3361.7789546539652        5087.8233213747108       -251.14241562948894       -261.54369251788455     
   2.2400000000000180        3654.0922593400401        5536.1027124913453       -270.37293699701945       -281.93247378157099     
   2.2750000000000181        3973.1378106045231        6025.7736995890200       -291.14628280366946       -303.97541114630297     
   2.3100000000000183        4321.3565498480493        6560.6595184026755       -313.58882374349503       -327.81001237298193     
   2.3450000000000184        4701.4140163476859        7144.9387626712587       -337.83711419687836       -353.58500609745357     
   2.3800000000000185        5116.2209368670328        7783.1783277410404       -364.03872687364145       -381.46127445366221     
   2.4150000000000187        5568.9557068874083        8480.3694128949028       -392.35315488917195       -411.61286206604979     
   2.4500000000000188        6063.0889372020192        9241.9668663763096       -422.95278676894065       -444.22806771717001     
   2.4850000000000190        6602.4102555462050        10073.932183406239       -456.02396032534352       -479.51062551855387     
   2.5200000000000191        7191.0575703343384        10982.780496268821       -491.76810183530381       -517.68098297730978     
   2.5550000000000193        7833.5490225719504        11975.631926993372       -530.40295747053335       -558.97768396136485     
   2.5900000000000194        8534.8178727566356        13060.267707534967       -572.16392449801015       -603.65886522652818     
   2.6250000000000195        9300.2505922334021        14245.191509923055       -617.30549037958383       -652.00387588286844     
   2.6600000000000197        10135.728453204078        15539.696469904349       -666.10278856043044       -704.31502995076460     
   2.6950000000000198        11047.672938597087        16953.938432475403       -718.85328045042434       -760.91950299329289     
   2.7300000000000200        12043.095322491774        18499.015996735783       -775.87857387475492       -822.17138471663213     
   2.7650000000000201        13129.650803988059        20187.057991080779       -837.52638910504663       -888.45390040960785     
   2.8000000000000203        14315.697612566115        22031.319068315577       -904.17268448495383       -960.18181515351910     
   2.8350000000000204        15610.361541363283        24046.284174272274       -976.22395464024044       -1037.8040358806725     
   2.8700000000000205        17023.606406702937        26247.782713451350       -1054.1197153186927       -1121.8064276018013     
   2.9050000000000207        18566.310977965899        28653.113311641628       -1138.3351900463242       -1212.7148614665791     
   2.9400000000000208        20250.352971852728        31281.180158999552       -1229.3842150201876       -1311.0985137761891     
   2.9750000000000210        22088.700759630214        34152.642008348339       -1327.8223799922757       -1417.5734366415247     
   3.0100000000000211        24095.513495509022        37290.075003209531       -1434.2504243416258       -1532.8064226849638     
   3.0450000000000212        26286.250439321433        40718.150619090084       -1549.3179090916672       -1657.5191880284631     
   3.0800000000000214        28677.790317660401        44463.830120676335       -1673.7271873166071       -1792.4928998075729     
   3.1150000000000215        31288.561645152025        48556.577067771468       -1808.2376972045649       -1938.5730766123688     
   3.1500000000000217        34138.685012161412        53028.589545081108       -1953.6706040173674       -2096.6748925958341     
   3.1850000000000218        37250.128437630163        57915.053946424079       -2110.9138193194894       -2267.7889185225717     
   3.2200000000000220        40646.876986625903        63254.422313847695       -2280.9274281545954       -2452.9873357717588     
   3.2550000000000221        44355.117962329248        69088.715417798318       -2464.7495573415945       -2653.4306622751969     
   3.2900000000000222        48403.443102441917        75463.853967401839       -2663.5027207583271       -2870.3750325827673     
   3.3250000000000224        52823.069341299837        82430.020561644968       -2878.4006803964194       -3105.1800777236940     
   3.3600000000000225        57648.079842330953        90042.055234563828       -3110.7558651233076       -3359.3174542946144     
   3.3950000000000227        62915.687162015944        98359.887712352443       -3361.9873924962021       -3634.3800762780888     
   3.4300000000000228        68666.520577399744        107449.00978968636       -3633.6297426586848       -3932.0921075034680     
   3.4650000000000230        74944.939795782193        117380.99154879851       -3927.3421373362280       -4254.3197774335786     
   3.5000000000000231        81799.377468927807        128234.04549043630       -4244.9186812565595       -4603.0830881254515     
   3.5350000000000232        89282.713156550992        140093.64302349705       -4588.2993279808061       -4980.5684858036875     
   3.5700000000000234        97452.681626671023        153053.18817285862       -4959.5817371702378       -5389.1425765361055     
   3.6050000000000235        106372.31864556565        167214.75381594739       -5361.0340957619555       -5831.3669720510061     
   3.6400000000000237        116110.44769953165        182689.88625147232       -5795.1089814183924       -6310.0143588248047     
   3.6750000000000238        126742.21140671840        199600.48444238515       -6264.4583529859465       -6828.0858912423946     
   3.7100000000000239        138349.65172237929        218079.76086375178       -6771.9497595864759       -7388.8300179385578     
   3.7450000000000241        151022.34341764776        238273.29152947420       -7320.6838674137816       -7995.7628594191301     
   3.7800000000000242        164858.08572330145        260340.16347476031       -7914.0134113611339       -8652.6902647918469     
   3.8150000000000244        179963.65747910357        284454.22873944038       -8555.5636873146323       -9363.7316859699240     
   3.8500000000000245        196455.64161967454        310805.47473672673       -9249.2547103638626       -10133.346019112469     
   3.8850000000000247        214461.32536323564        339601.52180943033       -9999.3251743636065       -10966.359575406379     
   3.9200000000000248        234119.68305411199        371069.25977820944       -10810.358359290360       -11867.996356651816     
   3.9550000000000249        255582.44924810162        405456.63638203958       -11687.310144742574       -12843.910825571445     
   3.9900000000000251        279015.29032663506        443034.61170839390       -12635.539300806498       -13900.223376413112     
   4.0250000000000252        304599.08368644904        484099.29401904665       -13660.840241428967       -15043.558728354707     
   4.0600000000000254        332531.31438215263        528974.27380727569       -14769.478440489631       -16281.087482554753     
   4.0950000000000255        363027.60000598617        578013.17448481056       -15968.228727039794       -17620.571103537965     
   4.1300000000000257        396323.35557926964        631602.43980447168       -17264.416693772800       -19070.410607085978     
   4.1650000000000258        432675.61131114949        690164.37999052764       -18665.963471819337       -20639.699260054509     
   4.2000000000000259        472364.99726063246        754160.50058808131       -20181.434145536339       -22338.279622705148     
   4.2350000000000261        515697.91022665310        824095.14027134259       -21820.090103206225       -24176.805291380799     
   4.2700000000000262        563008.87959801301        900519.44628603570       -23591.945643619907       -26166.807728839125     
   4.3050000000000264        614663.15043131670        984035.71886261168       -25507.829184529463       -28320.768601473541     
   4.3400000000000265        671059.50370237406        1075302.1588453711       -27579.449447083425       -30652.198077196095     
   4.3750000000000266        732633.33550789766        1175038.0559609795       -29819.467020771466       -33175.719575148178     
   4.4100000000000268        799860.01899383077        1284029.4586232232       -32241.571746291487       -35907.161498877402     
   4.4450000000000269        873258.57496974163        1403135.3699665971       -34860.566389311891       -38863.656528426727     
   4.4800000000000271        953395.67955226835        1533294.5189493457       -37692.457116552490       -42063.749094199120     
   4.5150000000000272        1040890.0397829992        1675532.7598996023       -40754.551327183974       -45527.511706785685     
   4.5500000000000274        1136417.1710075215        1830971.1588320113       -44065.563437502460       -49276.670872499024     
   4.5850000000000275        1240714.6129046092        2000834.8302757381       -47645.729265446855       -53334.743384485089     
   4.6200000000000276        1354587.6244415967        2186462.5942707155       -51516.929714089987       -57727.183844373190     
   4.6550000000000278        1478915.4017300569        2389317.5296540125       -55702.824510070866       -62481.544339873377     
   4.6900000000000279        1614657.8667935315        2610998.5068232748       -60228.996814392252       -67627.647279985293     
   4.7250000000000281        1762863.0796674015        2853252.7908849712       -65123.109589460873       -73197.772472020719     
   4.7600000000000282        1924675.3310641141        3117989.8145325668       -70415.074678103090       -79226.859613981389     
   4.7950000000000284        2101343.9780920204        3407296.2292202087       -76137.235627985778       -85752.727472535131     
   4.8300000000000285        2294233.0912536448        3723452.3532737573       -82324.565378885687       -92816.311121502309     
   4.8650000000000286        2504831.9872135683        4068950.1465924517       -89014.880021093792       -100461.91872905941     
   4.9000000000000288        2734766.7286656671        4446512.8536279369       -96249.069931469960       -108737.50950449595     
   4.9350000000000289        2985812.6800969918        4859116.4694776917       -104071.34969987706       -117694.99454809597     
   4.9700000000000291        3259908.2163987751        5310013.1983007146       -112529.52837357276       -127390.56249138762     
   5.0050000000000292        3559169.6901768758        5802757.0889679240       -121675.30167132287       -137885.03197051489     
   5.0400000000000293        3885907.7733331295        6341232.0500219353       -131564.56795328125       -149244.23314381126     
   5.0750000000000295        4242645.2991006374        6929682.4647759302       -142257.76987787944       -161539.42064685025     
   5.1100000000000296        4632136.7423019186        7572746.6478770971       -153820.26383397088       -174847.72057545642     
   5.1450000000000298        5057389.4882485392        8275493.4070581542       -166322.71940624004       -189252.61430061914     
   5.1800000000000299        5521687.0545120006        9043461.9982773103       -179841.55131545351       -204844.46215029946     
   5.2150000000000301        6028614.4448749367        9882705.7891956270       -194459.38647361982       -221721.07024320704     
   5.2500000000000302        6582085.8312355028        10799839.975171940       -210265.56900875107       -239988.30403031799     
   5.2850000000000303        7186374.7772133490        11802093.723899759       -227356.70634599391       -259760.75239290416     
   5.3200000000000305        7846147.2368315496        12897367.159719586       -245837.25968283822       -281162.44646298757     
   5.3550000000000306        8566497.5830768701        14094293.636789178       -265820.18246745405       -304327.63767540909     
   5.3900000000000308        9352987.9445362445        15402307.791984031       -287427.61078260682       -329401.63993226341     
   5.4250000000000309        10211691.153850943        16831719.913959458       -310791.60985485424       -356541.74116263120     
   5.4600000000000311        11149237.639618909        18393797.214593187       -336054.98125177243       -385918.18999585952     
   5.4950000000000312        12172866.623825444        20100852.643435895       -363372.13570088980       -417715.26373783103     
   5.5300000000000313        13290482.020127937        21966341.945255280       -392910.03686509549       -452132.42434968008     
   5.5650000000000315        14510713.464618452        24004969.725736048       -424849.22184298234       -489385.56968045619     
   5.6000000000000316        15842982.950318862        26232805.361405581       -459384.90463153570       -529708.38780276768     
   5.6350000000000318        17297577.579932969        28667409.667452682       -496728.16929565527       -573353.82294720691     
   5.6700000000000319        18885728.998622753        31327973.321906760       -537107.26013729407       -620595.66223142250     
   5.7050000000000320        20619700.120156299        34235468.137314938       -580768.97674987174       -671730.25313745334     
   5.7400000000000322        22512879.816091411        37412812.372325860       -627980.18248469022       -727078.36251112865     
   5.7750000000000323        24579886.299146242        40885051.386259489       -679029.43554926559       -786987.18874511123     
   5.8100000000000325        26836679.999041256        44679555.060684182       -734228.75270703074       -851832.53976808861     
   5.8450000000000326        29300686.802393787        48826233.544189438       -793915.51635833737       -922021.19050272636     
   5.8800000000000328        31990932.608273543        53357773.020976409       -858454.53665904806       -997993.43458080990     
   5.9150000000000329        34928190.238402247        58309893.361727394       -928240.28128061641       -1080225.8463225870     
   5.9500000000000330        38135139.836378187        63721629.687703937       -1003699.2864401974       -1169234.2703063183     
   5.9850000000000332        41636543.994463190        69635640.067520797       -1085292.7639372703       -1265577.0572817232     
   6.0200000000000333        45459438.960189812        76098541.772035494       -1173519.4201312738       -1369858.5667263381     
   6.0550000000000335        49633343.399208315        83161278.737904370       -1268918.5040901559       -1482732.9580164610     
   6.0900000000000336        54190486.326355144        90879523.136360526       -1372073.1035404624       -1604908.2939948507     
   6.1250000000000338        59166055.964933902        99314114.212605447       -1483613.7087641766       -1737150.9826770236     
   6.1600000000000339        64598471.455798842        108531537.85499424       -1604222.0662252437       -1880290.5849591508     
   6.1950000000000340        70529679.514267847        118604450.67424977       -1734635.3454795752       -2035225.0184864982     
   6.2300000000000342        77005478.325528890        129612252.72379394       -1875650.6448371462       -2202926.1903264849     
   6.2650000000000343        84075871.179528370        141641713.37570128       -2028129.8633152975       -2384446.0937803434     
   6.3000000000000345        91795452.575966105        154787655.28578258       -2193004.9686611602       -2580923.4075789233     
   6.3350000000000346        100223829.78074260        169153701.83919773       -2371283.6936419397       -2793590.6388596604     
   6.3700000000000347        109426083.08894581        184853093.96838620       -2564055.6954194233       -3023781.8547328901     
   6.4050000000000349        119473268.34834096        202009582.78193539       -2772499.2156554856       -3272941.0509379283     
   6.4400000000000350        130442965.62364529        220758405.04059187       -2997888.2820559046       -3542631.2100858353     
   6.4750000000000352        142419878.23814994        241247349.16966832       -3241600.4953691177       -3834544.1063115834     
   6.5100000000000353        155496486.81824446        263637920.21075812       -3505125.4494349225       -4150510.9178405986     
   6.5450000000000355        169773763.39110979        288106612.89556491       -3790073.8357473966       -4492513.7140427371     
   6.5800000000000356        185361951.04955149        314846302.87693429       -4098187.2881801333       -4862697.8890324393     
   6.6150000000000357        202381415.20422733        344067767.08355623       -4431349.0280458517       -5263385.6198115358     
   6.6500000000000359        220963572.99629322        376001345.18263286       -4791595.3745541656       -5697090.4333781721     
   6.6850000000000360        241251908.04701295        410898755.24709886       -5181128.1910207085       -6166532.9741819128     
   6.7200000000000362        263403078.37981588        449035077.93950880       -5602328.3429002278       -6674658.0708348909     
   6.7550000000000363        287588126.06972533        490710924.85305011       -6057770.2499006437       -7224653.2091391766     
   6.7900000000000365        313993797.96057874        536254808.10176951       -6550237.6211222121       -7819968.5273123980     
   6.8250000000000366        342823987.64808005        586025729.83846235       -7082740.4693967020       -8464338.4588424601     
   6.8600000000000367        374301309.86309075        640416012.11226678       -7658533.5088201286       -9161805.1587378699     
   6.8950000000000369        408668819.41190702        699854389.37249959       -8281136.0479268041       -9916743.8601274509     
   6.9300000000000370        446191887.94647962        764809387.99559474       -8954353.5000939928       -10733890.320272427     
   6.9650000000000372        487160253.05623281        835793019.47448587       -9682300.6426511612       -11618370.528160805     
