        1500   5.3707562125136346E-002   4.5829687157457081E-003
        3000   5.1655863836231303E-002   3.1095250820008845E-003
        4500   5.2281239632746827E-002   2.5597062360735740E-003
        6000   5.1080273952312391E-002   2.1628251039874599E-003
        7500   4.9881916533541439E-002   1.8997278764683609E-003
        9000   5.0963119827979055E-002   1.7697705202495255E-003
       10500   5.0195454724070214E-002   1.6184331949463124E-003
       12000   4.9677031153275229E-002   1.5002947945531237E-003
       13500   4.9258941587879974E-002   1.4052226442994547E-003
       15000   4.9727088724742900E-002   1.3384154967369495E-003
       16500   5.0051967789373229E-002   1.2823224301709299E-003
       18000   4.9796811475110732E-002   1.2267787078663083E-003
       19500   4.9812619849132378E-002   1.1840195921306986E-003
       21000   4.9765600407420084E-002   1.1366149891670198E-003
       22500   4.9635291090445371E-002   1.1001775614639170E-003
       24000   4.9529479355274610E-002   1.0658269930918659E-003
       25500   4.9471550053413686E-002   1.0301839033229187E-003
       27000   4.9164911703610668E-002   9.9837669841054623E-004
       28500   4.9042321096524316E-002   9.7198709619416071E-004
       30000   4.8869185817912837E-002   9.4229168344786378E-004
       31500   4.8783013354484643E-002   9.1920330739336364E-004
       33000   4.8806543834927614E-002   8.9882093435759188E-004
       34500   4.8964843336980597E-002   8.8214674766843183E-004
       36000   4.9078160018624854E-002   8.6332849133195994E-004
       37500   4.9226009900837704E-002   8.4877669883451118E-004
       39000   4.9346848849114146E-002   8.3359206944694209E-004
       40500   4.9499008553480987E-002   8.2138415090903883E-004
       42000   4.9639859424798052E-002   8.0874020949507619E-004
       43500   4.9883316577747763E-002   7.9789743504932284E-004
       45000   4.9716579497972875E-002   7.8182229405784627E-004
       46500   4.9663396965101823E-002   7.6888319886206748E-004
       48000   4.9682812583744095E-002   7.5729822850612277E-004
       49500   4.9696377109763608E-002   7.4480021048532491E-004
       51000   4.9645988644350311E-002   7.3402261540868883E-004
       52500   4.9659635949250755E-002   7.2319256984095057E-004
       54000   4.9537141996676907E-002   7.1216563440790128E-004
       55500   4.9568109265015675E-002   7.0262816580366903E-004
       57000   4.9483831129335874E-002   6.9177289310799576E-004
       58500   4.9387506461249057E-002   6.8174407135408147E-004
       60000   4.9258598743474581E-002   6.7121512030164383E-004
       61500   4.9236985505649103E-002   6.6279490892237050E-004
       63000   4.9288816152612630E-002   6.5526192472352114E-004
       64500   4.9302140186399793E-002   6.4863242545772830E-004
       66000   4.9329120871622389E-002   6.4114348220225929E-004
       67500   4.9334910120186926E-002   6.3409461288591029E-004
       69000   4.9265366396298776E-002   6.2616693535574646E-004
       70500   4.9232410057037539E-002   6.1900270101428244E-004
       72000   4.9198385532317562E-002   6.1241047667532017E-004
       73500   4.9246488439450592E-002   6.0640127414645349E-004
       75000   4.9229421998215832E-002   5.9995995097349641E-004
       76500   4.9223553023796336E-002   5.9421211321443890E-004
       78000   4.9207387802838086E-002   5.8900494618186654E-004
       79500   4.9269075264250124E-002   5.8406009637179299E-004
       81000   4.9272055110495823E-002   5.7823892002835105E-004
       82500   4.9248427949806217E-002   5.7287019928196176E-004
       84000   4.9367317772440918E-002   5.6890559901907650E-004
       85500   4.9302131903164702E-002   5.6342852297875279E-004
       87000   4.9278878785923304E-002   5.5845365685346657E-004
       88500   4.9263665963997359E-002   5.5368417954259133E-004
       90000   4.9188909201121664E-002   5.4853487955536879E-004
       91500   4.9108352525090833E-002   5.4314342604327591E-004
       93000   4.9139360620584008E-002   5.3874170087052375E-004
       94500   4.9127339352873105E-002   5.3436840042150836E-004
       96000   4.9144430265141544E-002   5.3061565137647035E-004
       97500   4.9075482524570710E-002   5.2582885917359186E-004
       99000   4.9018330886276294E-002   5.2133256139827206E-004
      100500   4.8987815487445650E-002   5.1688931133576932E-004
      102000   4.8992691827626791E-002   5.1299336856566497E-004
      103500   4.8976106853997267E-002   5.0886719029678308E-004
      105000   4.8943477291460313E-002   5.0512432257138412E-004
      106500   4.8990666693180814E-002   5.0193355925068968E-004
      108000   4.9037850555005140E-002   4.9891784757127367E-004
      109500   4.9101010137404352E-002   4.9604332958026233E-004
      111000   4.9105597649492835E-002   4.9323656813176546E-004
      112500   4.9124751924261370E-002   4.9018340011762951E-004
      114000   4.9123140712776861E-002   4.8699181295810387E-004
      115500   4.9064752462175135E-002   4.8349832397495267E-004
      117000   4.9136579445410285E-002   4.8073800725257206E-004
      118500   4.9146402714036426E-002   4.7782862188596744E-004
      120000   4.9162551871831661E-002   4.7530848556641468E-004
      121500   4.9153753142012140E-002   4.7251428081412889E-004
      123000   4.9193385052904839E-002   4.7008920156948493E-004
      124500   4.9227429864520576E-002   4.6771928922424754E-004
      126000   4.9238254060253075E-002   4.6514042633047343E-004
      127500   4.9264131768139145E-002   4.6254038406495313E-004
      129000   4.9229263760289313E-002   4.5959261409406015E-004
      130500   4.9251265452941805E-002   4.5706399501233409E-004
      132000   4.9239116822005040E-002   4.5457536982071656E-004
      133500   4.9248760596773494E-002   4.5211230928806674E-004
      135000   4.9247402051723912E-002   4.4981661071967662E-004
      136500   4.9214688147164787E-002   4.4708718424498741E-004
      138000   4.9233986331935056E-002   4.4497817963913761E-004
      139500   4.9235688754924838E-002   4.4267788969265488E-004
      141000   4.9294282545971971E-002   4.4090310487588329E-004
      142500   4.9276322016256348E-002   4.3852256926318043E-004
      144000   4.9262754511036358E-002   4.3615952112146682E-004
      145500   4.9264887099082992E-002   4.3409151056312010E-004
      147000   4.9322306047462794E-002   4.3226443182619006E-004
      148500   4.9373445278584657E-002   4.3034816417560426E-004
      150000   4.9375817070635576E-002   4.2825111026367058E-004
      151500   4.9384590616378565E-002   4.2607037677261481E-004
      153000   4.9437101412875863E-002   4.2427009256104886E-004
      154500   4.9365476267737761E-002   4.2147633127675934E-004
      156000   4.9396716248162303E-002   4.1982546672562145E-004
      157500   4.9353077095815441E-002   4.1791149791823993E-004
      159000   4.9358203866799774E-002   4.1582514879022882E-004
      160500   4.9370691679759333E-002   4.1412240391982272E-004
      162000   4.9310363712977361E-002   4.1173432635594495E-004
      163500   4.9294656207586482E-002   4.0971001546505120E-004
      165000   4.9310072894436688E-002   4.0783697027538051E-004
      166500   4.9261378177293133E-002   4.0576458876697281E-004
      168000   4.9226938584457168E-002   4.0362107661378834E-004
      169500   4.9238349919669688E-002   4.0186348036118445E-004
      171000   4.9235492389125037E-002   3.9995198879596075E-004
      172500   4.9215216030736843E-002   3.9817940259009518E-004
      174000   4.9200176763251856E-002   3.9648300191035397E-004
      175500   4.9232490161924339E-002   3.9494917422603059E-004
      177000   4.9198414934617123E-002   3.9317890863903066E-004
      178500   4.9164765505442978E-002   3.9136496632502282E-004
      180000   4.9166222519687504E-002   3.8984402905711943E-004
      181500   4.9175442384868352E-002   3.8829705478013021E-004
      183000   4.9103649718087151E-002   3.8625416830783571E-004
      184500   4.9102058600542946E-002   3.8477007361033581E-004
      186000   4.9104986932699060E-002   3.8310689582656958E-004
      187500   4.9081857827017530E-002   3.8140072784358846E-004
      189000   4.9072486419262422E-002   3.7986065616060034E-004
      190500   4.9058301158873385E-002   3.7836505538163426E-004
      192000   4.9039328436310842E-002   3.7672970365403176E-004
      193500   4.9010575369491272E-002   3.7510954224982018E-004
      195000   4.8973120753588013E-002   3.7349381806239080E-004
      196500   4.8954385755268365E-002   3.7183689820799660E-004
      198000   4.8945124996693137E-002   3.7031560200245924E-004
      199500   4.8979438065485048E-002   3.6907501958346095E-004
      201000   4.9014259988438690E-002   3.6789197186656711E-004
      202500   4.8984701454022499E-002   3.6641944163578143E-004
      204000   4.8949629231293965E-002   3.6493518440308177E-004
      205500   4.8976402779929720E-002   3.6368241816250445E-004
      207000   4.8998170087009081E-002   3.6255631771007341E-004
      208500   4.8976577592749780E-002   3.6115117108271341E-004
      210000   4.9007179410759605E-002   3.6000800815937925E-004
