  -2.9733333333333332        0.0000000000000000        0.0000000000000000        0.0000000000000000     
  -2.9199999999999999        0.0000000000000000        0.0000000000000000        0.0000000000000000     
  -2.8666666666666667        0.0000000000000000        0.0000000000000000        0.0000000000000000     
  -2.8133333333333330        0.0000000000000000        0.0000000000000000        0.0000000000000000     
  -2.7599999999999998        0.0000000000000000        0.0000000000000000        0.0000000000000000     
  -2.7066666666666666        0.0000000000000000        0.0000000000000000        0.0000000000000000     
  -2.6533333333333333        0.0000000000000000        0.0000000000000000        0.0000000000000000     
  -2.5999999999999996        0.0000000000000000        0.0000000000000000        0.0000000000000000     
  -2.5466666666666664        0.0000000000000000        0.0000000000000000        0.0000000000000000     
  -2.4933333333333332        0.0000000000000000        0.0000000000000000        0.0000000000000000     
  -2.4399999999999999        0.0000000000000000        0.0000000000000000        0.0000000000000000     
  -2.3866666666666667        0.0000000000000000        0.0000000000000000        0.0000000000000000     
  -2.3333333333333330        0.0000000000000000        0.0000000000000000        0.0000000000000000     
  -2.2799999999999998        0.0000000000000000        0.0000000000000000        0.0000000000000000     
  -2.2266666666666666        0.0000000000000000        0.0000000000000000        0.0000000000000000     
  -2.1733333333333329        0.0000000000000000        0.0000000000000000        0.0000000000000000     
  -2.1199999999999997        0.0000000000000000        0.0000000000000000        0.0000000000000000     
  -2.0666666666666664        0.0000000000000000        0.0000000000000000        0.0000000000000000     
  -2.0133333333333332        0.0000000000000000        0.0000000000000000        0.0000000000000000     
  -1.9599999999999997        0.0000000000000000        0.0000000000000000        0.0000000000000000     
  -1.9066666666666665        0.0000000000000000        0.0000000000000000        0.0000000000000000     
  -1.8533333333333331        0.0000000000000000        0.0000000000000000        0.0000000000000000     
  -1.7999999999999998        0.0000000000000000        0.0000000000000000        0.0000000000000000     
  -1.7466666666666664        0.0000000000000000        0.0000000000000000        0.0000000000000000     
  -1.6933333333333331        0.0000000000000000        0.0000000000000000        0.0000000000000000     
  -1.6399999999999997        0.0000000000000000        0.0000000000000000        0.0000000000000000     
  -1.5866666666666664        0.0000000000000000        0.0000000000000000        0.0000000000000000     
  -1.5333333333333330        0.0000000000000000        0.0000000000000000        0.0000000000000000     
  -1.4799999999999998        0.0000000000000000        0.0000000000000000        0.0000000000000000     
  -1.4266666666666663        0.0000000000000000        0.0000000000000000        0.0000000000000000     
  -1.3733333333333331        0.0000000000000000        0.0000000000000000        0.0000000000000000     
  -1.3199999999999996        0.0000000000000000        0.0000000000000000        0.0000000000000000     
  -1.2666666666666664        0.0000000000000000        0.0000000000000000        0.0000000000000000     
  -1.2133333333333332        0.0000000000000000        0.0000000000000000        0.0000000000000000     
  -1.1599999999999997        0.0000000000000000        0.0000000000000000        0.0000000000000000     
  -1.1066666666666665        0.0000000000000000        0.0000000000000000        0.0000000000000000     
  -1.0533333333333330        0.0000000000000000        0.0000000000000000        0.0000000000000000     
 -0.99999999999999978        0.0000000000000000        0.0000000000000000        0.0000000000000000     
 -0.94666666666666632        0.0000000000000000        0.0000000000000000        0.0000000000000000     
 -0.89333333333333309        0.0000000000000000        0.0000000000000000        0.0000000000000000     
 -0.83999999999999986        0.0000000000000000        0.0000000000000000        0.0000000000000000     
 -0.78666666666666618        0.0000000000000000        0.0000000000000000        0.0000000000000000     
 -0.73333333333333295        0.0000000000000000        0.0000000000000000        0.0000000000000000     
 -0.67999999999999972        6.2500000000000001E-004   1.0416753473685425E-008   1.2499895832465263E-003
 -0.62666666666666648        1.8749999999999999E-003   7.9252237321042040E-004   2.9574776267895795E-003
 -0.57333333333333281        3.1249999999999997E-003   1.7275739807894419E-003   4.5224260192105580E-003
 -0.51999999999999957        2.5000000000000001E-003   1.2500833361112963E-003   3.7499166638887038E-003
 -0.46666666666666634        4.3749999999999995E-003   2.7215983612060052E-003   6.0284016387939943E-003
 -0.41333333333333311        4.3749999999999995E-003   2.7215983612060052E-003   6.0284016387939943E-003
 -0.35999999999999988        1.1249999999999998E-002   8.5991451850393596E-003   1.3900854814960636E-002
 -0.30666666666666620        1.4999999999999999E-002   1.1939362811439421E-002   1.8060637188560578E-002
 -0.25333333333333297        1.5625000000000000E-002   1.2501302354713782E-002   1.8748697645286218E-002
 -0.19999999999999973        2.6875000000000000E-002   2.2779539161563542E-002   3.0970460838436457E-002
 -0.14666666666666650        2.5624999999999998E-002   2.1625782954231329E-002   2.9624217045768668E-002
  -9.3333333333332824E-002   4.7499999999999994E-002   4.2058282287120476E-002   5.2941717712879512E-002
  -3.9999999999999591E-002   6.4375000000000002E-002   5.8042841049123398E-002   7.0707158950876606E-002
   1.3333333333333641E-002   7.0624999999999993E-002   6.3993683239418675E-002   7.7256316760581312E-002
   6.6666666666666874E-002  0.10312499999999998        9.5118837822495708E-002  0.11113116217750425     
  0.12000000000000055       0.13999999999999999       0.13068084410117167       0.14931915589882830     
  0.17333333333333378       0.16374999999999998       0.15367776350969323       0.17382223649030673     
  0.22666666666666702       0.19937500000000000       0.18827165086655531       0.21047834913344468     
  0.28000000000000025       0.25937499999999997       0.24673115319694328       0.27201884680305666     
  0.33333333333333393       0.30437499999999995       0.29069485976025217       0.31805514023974774     
  0.38666666666666716       0.35562499999999997       0.34085848426408016       0.37039151573591977     
  0.44000000000000039       0.41625000000000001       0.40030068085308967       0.43219931914691034     
  0.49333333333333362       0.48437499999999994       0.46720194735991388       0.50154805264008595     
  0.54666666666666686       0.48125000000000001       0.46413096971447665       0.49836903028552337     
  0.60000000000000053       0.61624999999999996       0.59694980704975553       0.63555019295024440     
  0.65333333333333377       0.62062499999999987       0.60125875500225956       0.63999124499774018     
  0.70666666666666700       0.75687499999999996       0.73556886122547849       0.77818113877452144     
  0.76000000000000023       0.72749999999999992       0.70659436379824803       0.74840563620175182     
  0.81333333333333391       0.80562499999999992       0.78367320652021411       0.82757679347978574     
  0.86666666666666714       0.82812500000000000       0.80588273337811167       0.85036726662188833     
  0.92000000000000037       0.84437499999999999       0.82192575197296869       0.86682424802703129     
  0.97333333333333361       0.89312499999999995       0.87006824286723805       0.91618175713276184     
   1.0266666666666668       0.87437499999999990       0.85154957586419977       0.89720042413580003     
   1.0800000000000005       0.91625000000000001       0.89291178138938909       0.93958821861061093     
   1.1333333333333342       0.86499999999999988       0.84229131957451797       0.88770868042548179     
   1.1866666666666670       0.83250000000000002       0.81020177977954300       0.85479822022045704     
   1.2400000000000007       0.79312499999999986       0.77133658833662933       0.81491341166337039     
   1.2933333333333334       0.72375000000000000       0.70289614469096906       0.74460385530903095     
   1.3466666666666671       0.66374999999999995       0.64374604336012498       0.68375395663987493     
   1.4000000000000008       0.60874999999999990       0.58956364552822316       0.62793635447177665     
   1.4533333333333336       0.50562499999999999       0.48808950066353490       0.52316049933646502     
   1.5066666666666673       0.45437499999999997       0.43772860438475741       0.47102139561524253     
   1.5600000000000001       0.39812499999999995       0.38251908206867768       0.41373091793132222     
   1.6133333333333337       0.34937499999999994       0.33473633161864891       0.36401366838135096     
   1.6666666666666674       0.28999999999999998       0.27664160688306161       0.30335839311693835     
   1.7200000000000002       0.24187499999999998       0.22965936420760261       0.25409063579239738     
   1.7733333333333339       0.20937499999999998       0.19799967090677517       0.22075032909322478     
   1.8266666666666675       0.16249999999999998       0.15246594340923536       0.17253405659076460     
   1.8800000000000003       0.13625000000000001       0.12705557517205854       0.14544442482794148     
   1.9333333333333340       0.11249999999999999       0.10413993869639701       0.12086006130360297     
   1.9866666666666668        8.3749999999999991E-002   7.6531277958207092E-002   9.0968722041792890E-002
   2.0400000000000005        5.9999999999999998E-002   5.3886081452946891E-002   6.6113918547053105E-002
   2.0933333333333342        4.9375000000000002E-002   4.3827197554061011E-002   5.4922802445938994E-002
   2.1466666666666669        3.8750000000000000E-002   3.3833833005616404E-002   4.3666166994383596E-002
   2.2000000000000006        2.8124999999999997E-002   2.3935518192842935E-002   3.2314481807157062E-002
   2.2533333333333334        1.8124999999999999E-002   1.4760899157402283E-002   2.1489100842597714E-002
   2.3066666666666671        1.4374999999999999E-002   1.1378754519541720E-002   1.7371245480458278E-002
   2.3600000000000008        1.0625000000000001E-002   8.0487892207416999E-003   1.3201210779258302E-002
   2.4133333333333336        5.0000000000000001E-003   3.2324687650096061E-003   6.7675312349903937E-003
   2.4666666666666672        4.3749999999999995E-003   2.7215983612060052E-003   6.0284016387939943E-003
   2.5200000000000009        3.1249999999999997E-003   1.7275739807894419E-003   4.5224260192105580E-003
   2.5733333333333337        6.2500000000000001E-004   1.0416753473685425E-008   1.2499895832465263E-003
   2.6266666666666674        6.2500000000000001E-004   1.0416753473685425E-008   1.2499895832465263E-003
   2.6800000000000002        1.8749999999999999E-003   7.9252237321042040E-004   2.9574776267895795E-003
   2.7333333333333338        0.0000000000000000        0.0000000000000000        0.0000000000000000     
   2.7866666666666675        0.0000000000000000        0.0000000000000000        0.0000000000000000     
   2.8400000000000003        0.0000000000000000        0.0000000000000000        0.0000000000000000     
   2.8933333333333340        0.0000000000000000        0.0000000000000000        0.0000000000000000     
   2.9466666666666677        0.0000000000000000        0.0000000000000000        0.0000000000000000     
   3.0000000000000004        0.0000000000000000        0.0000000000000000        0.0000000000000000     
   3.0533333333333341        0.0000000000000000        0.0000000000000000        0.0000000000000000     
   3.1066666666666669        0.0000000000000000        0.0000000000000000        0.0000000000000000     
   3.1600000000000006        0.0000000000000000        0.0000000000000000        0.0000000000000000     
   3.2133333333333343        0.0000000000000000        0.0000000000000000        0.0000000000000000     
   3.2666666666666671        0.0000000000000000        0.0000000000000000        0.0000000000000000     
   3.3200000000000007        0.0000000000000000        0.0000000000000000        0.0000000000000000     
   3.3733333333333335        0.0000000000000000        0.0000000000000000        0.0000000000000000     
   3.4266666666666672        0.0000000000000000        0.0000000000000000        0.0000000000000000     
   3.4800000000000009        0.0000000000000000        0.0000000000000000        0.0000000000000000     
   3.5333333333333337        0.0000000000000000        0.0000000000000000        0.0000000000000000     
   3.5866666666666673        0.0000000000000000        0.0000000000000000        0.0000000000000000     
   3.6400000000000010        0.0000000000000000        0.0000000000000000        0.0000000000000000     
   3.6933333333333338        0.0000000000000000        0.0000000000000000        0.0000000000000000     
   3.7466666666666675        0.0000000000000000        0.0000000000000000        0.0000000000000000     
   3.8000000000000003        0.0000000000000000        0.0000000000000000        0.0000000000000000     
   3.8533333333333339        0.0000000000000000        0.0000000000000000        0.0000000000000000     
   3.9066666666666676        0.0000000000000000        0.0000000000000000        0.0000000000000000     
   3.9600000000000004        0.0000000000000000        0.0000000000000000        0.0000000000000000     
   4.0133333333333336        0.0000000000000000        0.0000000000000000        0.0000000000000000     
   4.0666666666666664        0.0000000000000000        0.0000000000000000        0.0000000000000000     
   4.1200000000000010        0.0000000000000000        0.0000000000000000        0.0000000000000000     
   4.1733333333333338        0.0000000000000000        0.0000000000000000        0.0000000000000000     
   4.2266666666666666        0.0000000000000000        0.0000000000000000        0.0000000000000000     
   4.2800000000000011        0.0000000000000000        0.0000000000000000        0.0000000000000000     
   4.3333333333333339        0.0000000000000000        0.0000000000000000        0.0000000000000000     
   4.3866666666666667        0.0000000000000000        0.0000000000000000        0.0000000000000000     
   4.4400000000000013        0.0000000000000000        0.0000000000000000        0.0000000000000000     
   4.4933333333333341        0.0000000000000000        0.0000000000000000        0.0000000000000000     
   4.5466666666666669        0.0000000000000000        0.0000000000000000        0.0000000000000000     
   4.6000000000000014        0.0000000000000000        0.0000000000000000        0.0000000000000000     
   4.6533333333333342        0.0000000000000000        0.0000000000000000        0.0000000000000000     
   4.7066666666666670        0.0000000000000000        0.0000000000000000        0.0000000000000000     
   4.7599999999999998        0.0000000000000000        0.0000000000000000        0.0000000000000000     
   4.8133333333333344        0.0000000000000000        0.0000000000000000        0.0000000000000000     
   4.8666666666666671        0.0000000000000000        0.0000000000000000        0.0000000000000000     
   4.9199999999999999        0.0000000000000000        0.0000000000000000        0.0000000000000000     
   4.9733333333333345        0.0000000000000000        0.0000000000000000        0.0000000000000000     
